201 1 4
201 111 4
201 268 4
201 283 4
201 291 4
201 305 4
201 331 4
201 740 4
202 259 4
202 292 3
202 682 4
202 872 4
202 877 4
202 880 4
202 887 3
202 895 3
202 948 4
203 7 4
203 9 4
203 100 4
203 106 3
203 111 4
203 117 4
203 118 3
203 121 4
203 123 3
203 129 3
203 148 3
203 181 4
203 222 4
203 235 3
203 274 3
203 276 4
203 284 3
203 291 3
203 370 3
203 410 3
203 471 3
203 472 3
203 515 4
203 546 3
203 597 3
203 685 3
203 748 3
203 845 3
203 864 3
203 866 3
203 925 3
203 928 3
204 22 4
204 66 4
204 243 3
204 245 4
204 258 5
204 259 3
204 269 4
204 270 4
204 289 3
204 300 4
204 307 4
204 310 4
204 313 4
204 323 3
204 327 4
204 331 4
204 333 4
204 342 4
204 343 3
204 348 4
204 678 3
204 683 3
204 687 3
204 689 4
204 690 4
204 748 3
204 754 4
204 879 4
204 892 3
204 901 3
205 2 3
205 5 3
205 8 3
205 11 3
205 12 3
205 22 2
205 23 3
205 28 3
205 29 2
205 30 3
205 31 3
205 32 3
205 33 3
205 37 2
205 38 3
205 39 3
205 40 3
205 41 2
205 42 3
205 43 2
205 45 3
205 47 3
205 48 3
205 49 3
205 50 3
205 51 3
205 52 3
205 53 3
205 55 3
205 56 3
205 57 3
205 58 3
205 60 3
205 61 3
205 62 3
205 63 3
205 64 3
205 66 3
205 67 2
205 68 3
205 70 3
205 71 3
205 72 3
205 73 3
205 75 3
205 76 3
205 77 3
205 78 2
205 80 3
205 81 3
205 82 3
205 83 3
205 85 3
205 87 3
205 88 3
205 90 2
205 91 3
205 92 3
205 94 3
205 96 3
205 97 3
205 98 3
205 101 3
205 102 3
205 127 3
205 132 3
205 135 3
205 139 3
205 141 3
205 142 2
205 149 3
205 161 3
205 168 3
205 169 3
205 172 3
205 173 3
205 175 3
205 178 3
205 179 3
205 180 3
205 183 3
205 184 3
205 185 3
205 186 3
205 188 3
205 189 3
205 190 3
205 191 3
205 192 3
205 193 3
205 195 3
205 197 3
205 198 3
205 199 3
205 200 3
205 202 3
205 204 3
205 206 3
205 207 3
205 208 3
205 210 3
205 211 3
205 212 3
205 214 3
205 215 3
205 216 3
205 217 3
205 218 3
205 219 3
205 226 3
205 227 3
205 228 2
205 229 3
205 230 3
205 231 2
205 232 3
205 233 3
205 234 3
205 238 3
205 239 3
205 265 3
205 288 3
205 302 3
205 308 3
205 317 3
205 318 3
205 347 3
205 350 3
205 351 3
205 356 3
205 361 3
205 364 2
205 365 3
205 366 3
205 367 3
205 371 3
205 374 3
205 376 3
205 377 2
205 379 3
205 383 2
205 384 3
205 386 2
205 387 3
205 388 2
205 391 3
205 393 3
205 395 2
205 396 3
205 397 3
205 399 3
205 400 2
205 402 3
205 403 3
205 404 3
205 414 3
205 415 2
205 416 3
205 417 3
205 419 3
205 420 3
205 421 3
205 422 3
205 423 3
205 426 3
205 427 3
205 430 3
205 431 3
205 433 3
205 434 3
205 437 2
205 438 2
205 439 2
205 440 2
205 441 2
205 442 2
205 444 3
205 446 3
205 447 3
205 448 3
205 449 3
205 450 2
205 451 3
205 452 3
205 453 2
205 461 3
205 462 3
205 463 3
205 464 3
205 465 3
205 467 3
205 469 3
205 470 3
205 480 3
205 482 3
205 501 3
205 504 3
205 509 3
205 510 3
205 511 3
205 514 3
205 515 3
205 516 3
205 517 3
205 518 3
205 519 3
205 520 3
205 521 3
205 522 3
205 523 3
205 524 3
205 525 3
205 526 3
205 527 3
205 528 3
205 529 3
205 530 3
205 536 3
205 537 3
205 540 2
205 541 2
205 543 2
205 545 2
205 548 3
205 549 3
205 551 2
205 552 3
205 553 3
205 555 3
205 556 2
205 557 3
205 558 3
205 559 3
205 560 2
205 561 2
205 562 3
205 563 2
205 564 2
205 565 3
205 566 3
205 567 2
205 568 3
205 569 3
205 570 3
205 573 2
205 574 3
205 575 2
205 577 2
205 578 3
205 579 3
205 580 3
205 581 3
205 583 3
205 584 3
205 585 3
205 586 2
205 588 3
205 592 3
205 593 3
205 603 3
205 606 3
205 622 3
205 623 2
205 624 3
205 625 3
205 626 3
205 627 3
205 639 3
205 642 3
205 643 3
205 644 3
205 645 3
205 647 3
205 648 3
205 649 3
205 650 3
205 651 3
205 652 3
205 653 3
205 654 3
205 655 3
205 656 3
205 659 3
205 661 3
205 662 3
205 664 3
205 666 3
205 667 3
205 669 2
205 670 3
205 671 3
205 673 3
205 674 3
205 675 3
205 679 3
205 684 3
205 692 3
205 693 3
205 694 3
205 695 3
205 697 3
205 699 3
205 700 2
205 702 3
205 707 3
205 708 3
205 710 3
205 712 3
205 714 3
205 715 3
205 716 3
205 719 2
205 720 3
205 721 2
205 722 3
205 723 3
205 726 2
205 727 3
205 728 3
205 729 3
205 731 3
205 732 3
205 734 3
205 736 3
205 739 3
205 745 3
205 746 3
205 747 3
205 753 3
205 755 3
205 759 3
205 761 3
205 765 3
205 768 2
205 769 2
205 770 3
205 771 2
205 772 2
205 773 3
205 774 2
205 775 2
205 776 2
205 777 3
205 778 3
205 779 3
205 780 2
205 782 3
205 783 3
205 784 2
205 785 3
205 786 3
205 787 2
205 788 2
205 789 3
205 790 3
205 791 2
205 793 3
205 794 3
205 795 2
205 796 3
205 798 2
205 802 3
205 807 2
205 808 2
205 810 3
205 812 2
205 816 3
205 842 3
205 843 3
205 849 2
205 851 4
205 853 4
205 854 3
205 855 3
205 858 2
205 859 2
205 860 2
205 861 3
205 904 3
205 921 3
205 939 3
205 941 2
205 943 3
205 944 2
205 946 3
205 947 3
205 949 3
205 951 3
205 953 3
205 955 3
205 956 3
205 957 2
205 959 3
205 960 3
205 964 3
205 969 2
205 971 3
205 994 3
205 996 2
205 997 2
205 999 3
206 1 3
206 3 3
206 4 3
206 5 3
206 7 3
206 8 3
206 10 3
206 11 3
206 12 3
206 13 3
206 14 3
206 15 3
206 20 3
206 22 3
206 24 3
206 25 3
206 28 3
206 30 3
206 32 3
206 39 3
206 40 3
206 42 3
206 47 3
206 48 3
206 50 3
206 52 3
206 58 3
206 63 3
206 64 3
206 69 3
206 71 3
206 72 3
206 79 3
206 85 3
206 86 3
206 87 3
206 89 3
206 92 3
206 93 3
206 96 3
206 99 3
206 115 3
206 117 3
206 121 3
206 123 3
206 125 3
206 127 3
206 129 3
206 131 3
206 132 3
206 133 3
206 134 3
206 135 3
206 136 3
206 143 3
206 148 3
206 151 3
206 152 3
206 153 3
206 156 3
206 158 3
206 164 3
206 168 3
206 170 3
206 172 3
206 173 3
206 174 3
206 175 3
206 179 3
206 181 3
206 182 3
206 183 3
206 186 3
206 187 3
206 188 3
206 190 3
206 191 3
206 194 3
206 195 3
206 196 3
206 198 3
206 199 3
206 202 3
206 203 3
206 204 3
206 206 3
206 209 3
206 211 3
206 212 3
206 213 3
206 215 3
206 218 3
206 219 3
206 220 3
206 222 3
206 228 3
206 234 3
206 235 3
206 237 3
206 238 3
206 239 3
206 240 3
206 274 3
206 275 3
206 276 3
206 277 3
206 284 3
206 289 3
206 317 3
206 318 3
206 357 3
206 368 4
206 381 3
206 396 3
206 404 3
206 405 3
206 410 3
206 411 3
206 414 3
206 418 3
206 419 3
206 420 3
206 421 3
206 427 3
206 428 3
206 429 3
206 430 3
206 431 3
206 434 3
206 435 3
206 436 3
206 443 3
206 447 3
206 451 3
206 452 3
206 453 4
206 461 3
206 463 3
206 468 3
206 469 3
206 474 3
206 476 3
206 479 3
206 480 3
206 481 3
206 482 3
206 485 3
206 487 3
206 488 3
206 490 3
206 496 3
206 498 3
206 499 3
206 501 3
206 503 3
206 504 3
206 505 3
206 507 3
206 508 3
206 509 3
206 511 3
206 514 3
206 515 3
206 517 3
206 519 3
206 520 3
206 523 3
206 524 3
206 526 3
206 527 3
206 528 3
206 529 3
206 543 3
206 559 3
206 561 4
206 573 3
206 582 3
206 588 3
206 589 3
206 591 3
206 596 3
206 605 3
206 606 3
206 607 3
206 608 3
206 610 3
206 611 3
206 612 3
206 624 3
206 632 3
206 633 3
206 634 3
206 638 3
206 639 3
206 640 3
206 641 3
206 642 3
206 645 3
206 647 3
206 651 3
206 652 3
206 655 3
206 662 3
206 663 3
206 664 3
206 665 3
206 672 3
206 675 3
206 692 3
206 693 3
206 699 3
206 701 3
206 705 3
206 712 3
206 713 3
206 715 3
206 727 3
206 732 3
206 735 3
206 737 3
206 745 3
206 746 3
206 747 3
206 756 3
206 772 4
206 787 3
206 813 3
206 823 3
206 825 3
206 826 4
206 831 4
206 845 3
206 919 3
206 921 3
206 923 3
206 942 3
206 960 3
206 962 4
207 1 4
207 2 4
207 4 4
207 8 4
207 25 4
207 28 4
207 29 3
207 40 4
207 45 4
207 50 5
207 56 4
207 62 4
207 68 4
207 69 4
207 70 4
207 82 4
207 88 4
207 89 4
207 91 4
207 96 4
207 97 4
207 98 4
207 99 4
207 100 4
207 117 4
207 118 4
207 123 4
207 127 5
207 132 4
207 135 4
207 143 4
207 144 4
207 147 4
207 157 4
207 158 3
207 159 4
207 161 4
207 163 4
207 172 4
207 173 4
207 174 4
207 177 4
207 179 4
207 180 4
207 181 4
207 182 4
207 183 4
207 185 4
207 186 4
207 188 4
207 193 4
207 194 4
207 196 4
207 197 4
207 200 4
207 201 4
207 202 4
207 203 4
207 205 4
207 208 4
207 209 4
207 211 4
207 214 4
207 215 4
207 216 4
207 217 3
207 218 4
207 222 4
207 223 4
207 226 4
207 227 4
207 228 4
207 229 4
207 230 4
207 231 3
207 232 3
207 235 3
207 238 4
207 239 4
207 244 4
207 248 4
207 249 4
207 250 4
207 255 4
207 257 4
207 265 4
207 269 4
207 274 4
207 286 4
207 289 3
207 290 4
207 291 4
207 313 4
207 316 5
207 345 4
207 357 4
207 371 4
207 382 4
207 385 4
207 393 4
207 399 4
207 400 3
207 405 4
207 416 4
207 418 4
207 423 4
207 427 4
207 428 4
207 432 4
207 433 4
207 436 4
207 447 4
207 448 4
207 449 4
207 455 4
207 466 4
207 476 3
207 478 4
207 479 4
207 483 4
207 484 4
207 493 4
207 496 4
207 502 4
207 508 4
207 510 4
207 514 4
207 519 4
207 521 4
207 525 4
207 559 3
207 561 3
207 565 3
207 588 4
207 603 4
207 616 4
207 629 4
207 635 4
207 642 4
207 648 4
207 656 4
207 657 4
207 660 4
207 675 4
207 684 4
207 705 4
207 710 4
207 712 4
207 715 4
207 729 4
207 732 4
207 746 4
207 755 4
207 756 3
207 785 4
207 844 3
207 859 3
207 869 4
207 879 4
207 949 4
207 969 3
207 972 4
207 993 4
208 270 4
208 271 3
208 286 4
208 294 4
208 300 5
208 313 4
208 315 4
208 319 4
208 328 5
208 347 4
208 358 3
208 539 3
208 683 3
208 689 5
208 748 3
209 6 4
209 8 4
209 9 4
209 12 4
209 14 5
209 22 4
209 23 4
209 28 4
209 30 4
209 48 4
209 50 4
209 58 4
209 59 4
209 60 4
209 65 5
209 87 4
209 97 4
209 98 4
209 99 4
209 100 4
209 133 4
209 135 4
209 153 4
209 154 4
209 156 4
209 162 4
209 166 4
209 168 4
209 170 4
209 172 4
209 173 5
209 174 4
209 175 4
209 179 4
209 181 4
209 186 4
209 191 5
209 192 4
209 195 4
209 197 4
209 199 4
209 200 4
209 201 4
209 202 4
209 203 4
209 204 4
209 205 4
209 207 4
209 209 4
209 210 4
209 213 4
209 214 4
209 216 4
209 223 4
209 264 4
209 266 4
209 270 4
209 275 4
209 276 4
209 283 4
209 285 4
209 286 4
209 288 4
209 300 4
209 303 4
209 318 4
209 321 4
209 322 4
209 325 4
209 327 4
209 339 4
209 343 4
209 357 4
209 367 4
209 381 4
209 382 4
209 404 4
209 427 4
209 428 4
209 429 4
209 430 4
209 433 4
209 435 4
209 461 4
209 478 4
209 479 5
209 480 4
209 481 4
209 482 4
209 483 4
209 485 4
209 486 4
209 489 4
209 491 4
209 493 4
209 496 4
209 497 4
209 498 4
209 504 4
209 505 4
209 514 4
209 516 4
209 518 4
209 520 4
209 523 4
209 526 4
209 527 4
209 528 4
209 530 4
209 604 4
209 606 4
209 607 4
209 608 4
209 609 4
209 615 4
209 618 4
209 631 4
209 633 4
209 647 4
209 654 4
209 659 5
209 661 4
209 664 4
209 676 4
209 680 4
209 684 4
209 708 4
209 709 4
209 714 4
209 733 4
209 749 4
209 855 4
209 877 3
209 879 4
209 937 4
209 945 4
209 965 4
209 995 4
210 258 3
210 269 3
210 286 2
210 289 2
210 300 3
210 311 2
210 312 3
210 313 3
210 315 2
210 316 2
210 323 3
210 328 3
210 340 2
210 354 3
210 690 3
210 754 3
210 873 2
210 898 2
210 905 3
211 1 5
211 4 4
211 9 5
211 22 4
211 38 3
211 56 4
211 73 4
211 88 4
211 117 4
211 161 4
211 168 4
211 172 4
211 181 4
211 186 4
211 195 4
211 196 4
211 208 4
211 209 4
211 210 4
211 222 4
211 227 3
211 228 4
211 229 3
211 230 4
211 258 4
211 265 4
211 276 4
211 318 4
211 405 3
211 435 4
211 449 3
211 451 4
211 485 4
211 527 4
211 566 4
211 568 4
211 651 4
211 655 4
211 709 4
211 720 3
211 732 4
211 770 3
212 4 4
212 7 4
212 23 4
212 24 4
212 28 4
212 56 4
212 64 4
212 70 4
212 81 4
212 92 4
212 96 4
212 150 4
212 154 4
212 172 4
212 173 4
212 175 4
212 182 4
212 186 4
212 193 4
212 206 3
212 211 4
212 218 4
212 276 4
212 288 4
212 318 4
212 340 4
212 408 4
212 427 4
212 436 4
212 480 4
212 487 4
212 508 4
212 526 4
212 634 4
212 651 4
212 684 4
212 724 4
213 7 3
213 9 3
213 15 3
213 50 3
213 124 3
213 181 3
213 222 3
213 236 4
213 245 4
213 255 4
213 257 3
213 258 3
213 260 4
213 269 3
213 271 4
213 275 3
213 286 3
213 297 4
213 300 3
213 301 4
213 302 3
213 303 4
213 306 4
213 326 4
213 328 4
213 332 4
213 471 4
213 508 4
213 628 3
213 690 4
213 877 4
213 936 3
214 100 4
214 258 4
214 260 4
214 294 4
214 300 4
214 301 4
214 302 4
214 325 4
214 340 4
214 343 4
214 678 4
214 748 4
215 56 4
215 185 4
215 195 4
215 243 4
215 269 4
215 322 4
215 323 4
215 328 4
215 432 4
215 531 4
215 748 4
215 754 4
216 1 4
216 2 4
216 7 4
216 8 4
216 9 3
216 10 4
216 11 4
216 12 3
216 13 4
216 14 3
216 21 4
216 22 3
216 24 4
216 25 4
216 27 4
216 28 4
216 29 4
216 31 4
216 32 4
216 36 4
216 38 4
216 41 4
216 42 4
216 43 4
216 44 4
216 49 4
216 50 3
216 51 4
216 53 4
216 54 4
216 55 4
216 56 4
216 58 4
216 64 3
216 65 4
216 66 4
216 67 4
216 69 4
216 70 4
216 71 4
216 73 4
216 77 4
216 81 4
216 82 4
216 83 4
216 85 4
216 86 4
216 87 3
216 88 4
216 90 4
216 92 4
216 93 4
216 94 4
216 97 4
216 98 3
216 99 5
216 105 4
216 106 4
216 107 4
216 117 4
216 121 4
216 123 4
216 125 4
216 126 4
216 127 4
216 132 4
216 133 4
216 134 4
216 136 4
216 137 4
216 140 4
216 142 4
216 143 4
216 144 4
216 148 4
216 154 4
216 155 4
216 156 4
216 157 4
216 158 4
216 159 4
216 161 4
216 168 4
216 172 3
216 174 3
216 176 4
216 178 3
216 181 3
216 182 5
216 183 3
216 185 4
216 187 3
216 191 4
216 194 4
216 195 3
216 196 4
216 197 3
216 199 3
216 200 4
216 202 4
216 203 4
216 204 4
216 209 4
216 210 4
216 211 4
216 213 4
216 215 4
216 216 4
216 217 4
216 219 4
216 220 4
216 225 4
216 226 4
216 230 4
216 234 4
216 237 4
216 238 3
216 239 4
216 240 4
216 241 4
216 242 4
216 245 4
216 246 3
216 248 4
216 249 4
216 250 4
216 251 4
216 252 4
216 253 3
216 254 4
216 257 4
216 258 3
216 259 4
216 264 4
216 266 4
216 268 4
216 272 3
216 274 4
216 275 4
216 276 4
216 277 4
216 281 4
216 283 4
216 284 4
216 285 3
216 286 4
216 287 4
216 288 4
216 289 4
216 294 4
216 295 4
216 297 4
216 298 4
216 301 4
216 304 4
216 307 4
216 312 4
216 313 3
216 315 4
216 316 3
216 317 4
216 318 3
216 319 4
216 322 4
216 323 4
216 326 4
216 327 4
216 328 4
216 329 4
216 331 4
216 332 4
216 333 4
216 338 4
216 339 4
216 346 4
216 347 4
216 348 4
216 354 4
216 356 4
216 357 4
216 364 4
216 366 4
216 367 4
216 369 4
216 375 4
216 378 4
216 385 4
216 388 4
216 393 4
216 395 4
216 396 4
216 399 4
216 401 4
216 402 4
216 403 4
216 404 4
216 405 4
216 411 4
216 412 4
216 417 4
216 418 4
216 419 4
216 423 4
216 425 4
216 427 3
216 431 4
216 432 4
216 433 4
216 443 4
216 448 4
216 451 4
216 452 4
216 462 4
216 463 4
216 468 4
216 469 4
216 471 4
216 472 4
216 473 4
216 475 4
216 476 4
216 479 3
216 480 4
216 496 4
216 498 3
216 500 4
216 501 4
216 506 3
216 509 4
216 515 3
216 526 4
216 531 4
216 532 4
216 538 4
216 546 4
216 549 4
216 553 4
216 554 4
216 559 4
216 560 4
216 564 4
216 568 4
216 576 4
216 578 4
216 585 4
216 588 4
216 591 4
216 592 4
216 607 4
216 614 4
216 619 4
216 625 4
216 627 4
216 628 4
216 633 4
216 651 3
216 652 4
216 657 3
216 658 4
216 660 4
216 662 4
216 676 4
216 678 4
216 682 4
216 684 4
216 685 4
216 686 4
216 689 4
216 690 4
216 693 4
216 696 4
216 699 4
216 707 4
216 708 4
216 710 4
216 712 4
216 713 4
216 717 4
216 720 4
216 721 4
216 723 4
216 724 4
216 729 4
216 734 4
216 735 4
216 737 4
216 738 4
216 739 4
216 746 4
216 747 4
216 748 4
216 750 4
216 754 4
216 755 4
216 761 4
216 762 4
216 768 4
216 770 4
216 775 4
216 778 4
216 781 4
216 783 4
216 785 4
216 790 4
216 792 4
216 794 4
216 795 4
216 803 4
216 807 4
216 812 4
216 815 4
216 819 4
216 821 4
216 824 4
216 827 4
216 833 4
216 834 4
216 840 4
216 842 4
216 843 4
216 845 4
216 849 4
216 864 4
216 866 4
216 873 4
216 874 4
216 879 4
216 895 4
216 915 3
216 916 4
216 917 4
216 918 4
216 928 4
216 929 4
216 931 4
216 934 4
216 936 3
216 937 4
216 938 4
216 941 4
216 955 4
216 959 4
216 966 4
216 972 4
216 975 4
216 980 4
216 985 4
216 990 4
216 997 4
217 1 4
217 3 3
217 5 3
217 7 4
217 11 4
217 12 4
217 13 3
217 15 4
217 16 3
217 17 3
217 20 3
217 23 4
217 27 3
217 29 3
217 32 4
217 39 3
217 42 3
217 44 4
217 47 3
217 50 4
217 51 3
217 55 4
217 56 4
217 58 4
217 62 3
217 63 3
217 64 4
217 65 4
217 67 3
217 68 3
217 69 4
217 70 3
217 72 3
217 73 3
217 77 3
217 78 3
217 79 4
217 80 3
217 81 4
217 82 3
217 83 4
217 89 4
217 91 3
217 95 4
217 96 4
217 97 4
217 98 4
217 99 4
217 100 4
217 101 3
217 106 3
217 109 3
217 118 3
217 120 3
217 122 3
217 123 3
217 125 3
217 127 4
217 131 3
217 132 4
217 135 4
217 139 3
217 142 3
217 144 4
217 145 3
217 147 3
217 154 4
217 157 4
217 159 3
217 162 3
217 164 4
217 167 3
217 168 4
217 169 4
217 171 4
217 172 4
217 173 4
217 174 4
217 176 4
217 178 4
217 179 4
217 181 4
217 182 4
217 183 4
217 184 3
217 186 4
217 190 4
217 195 4
217 196 4
217 198 4
217 200 3
217 201 3
217 202 3
217 206 3
217 207 4
217 208 4
217 214 3
217 216 4
217 217 3
217 218 3
217 219 3
217 222 4
217 223 4
217 226 3
217 228 4
217 232 3
217 234 4
217 235 3
217 242 4
217 245 3
217 246 4
217 248 3
217 250 3
217 252 3
217 255 3
217 257 4
217 258 4
217 260 3
217 264 3
217 265 4
217 270 4
217 273 4
217 286 4
217 288 3
217 290 3
217 293 3
217 294 3
217 298 3
217 323 3
217 324 3
217 325 3
217 326 3
217 340 3
217 357 4
217 358 3
217 364 3
217 367 3
217 373 3
217 380 4
217 382 3
217 385 3
217 386 3
217 388 3
217 391 3
217 392 3
217 393 4
217 395 3
217 396 3
217 399 3
217 402 4
217 403 3
217 404 4
217 413 3
217 419 3
217 420 4
217 421 4
217 422 3
217 423 4
217 425 3
217 428 4
217 431 3
217 433 4
217 436 4
217 441 3
217 444 3
217 447 4
217 449 3
217 451 4
217 452 3
217 461 3
217 465 3
217 472 3
217 474 4
217 475 4
217 483 4
217 484 4
217 485 4
217 498 4
217 501 3
217 508 3
217 513 4
217 518 4
217 541 3
217 544 3
217 545 3
217 546 3
217 551 3
217 552 3
217 555 3
217 559 3
217 561 3
217 562 3
217 563 3
217 574 3
217 578 3
217 579 3
217 582 3
217 596 3
217 597 3
217 614 4
217 616 3
217 625 3
217 628 4
217 631 3
217 636 3
217 638 4
217 640 3
217 642 3
217 655 4
217 658 4
217 665 3
217 668 3
217 669 3
217 674 3
217 679 3
217 684 4
217 685 3
217 692 3
217 708 3
217 709 4
217 710 3
217 715 3
217 723 3
217 725 3
217 727 3
217 728 3
217 732 3
217 742 4
217 746 4
217 747 4
217 748 3
217 758 3
217 762 3
217 764 3
217 765 3
217 767 3
217 769 3
217 774 3
217 778 3
217 781 3
217 783 3
217 792 3
217 796 3
217 797 3
217 800 3
217 804 3
217 809 3
217 810 3
217 815 3
217 825 3
217 827 3
217 831 3
217 849 3
217 855 3
217 871 3
217 895 3
217 923 4
217 928 3
217 940 3
217 943 3
217 944 3
217 946 3
217 963 4
217 979 3
217 999 4
217 1000 3
218 258 2
218 269 3
218 288 3
218 301 3
218 302 3
218 313 3
218 327 3
218 328 3
218 331 3
218 362 3
218 750 3
218 895 3
218 899 3
219 50 4
219 79 4
219 89 4
219 100 4
219 173 4
219 181 4
219 223 4
219 257 4
219 275 4
219 286 5
219 405 4
219 478 4
219 488 4
219 615 4
219 617 4
219 705 4
220 19 4
220 86 4
220 100 4
220 116 4
220 137 4
220 251 4
220 275 4
220 283 4
220 302 4
220 319 4
220 331 4
220 408 4
220 475 4
220 478 4
220 508 4
220 513 4
220 603 4
220 750 4
220 753 4
221 4 4
221 7 4
221 11 4
221 12 4
221 50 5
221 56 4
221 82 4
221 87 4
221 89 5
221 96 4
221 100 5
221 117 4
221 124 4
221 127 4
221 129 4
221 144 4
221 156 4
221 164 4
221 172 4
221 174 4
221 175 4
221 176 4
221 182 4
221 183 4
221 185 4
221 194 4
221 200 4
221 213 4
221 218 4
221 219 4
221 238 4
221 302 4
221 333 4
221 443 4
221 448 4
221 466 4
221 516 4
221 517 4
221 653 4
221 657 4
221 672 4
221 709 4
221 879 4
221 914 3
221 915 4
222 1 3
222 15 3
222 50 4
222 53 3
222 98 4
222 100 4
222 109 3
222 117 3
222 124 4
222 126 4
222 127 4
222 129 3
222 137 4
222 151 3
222 181 4
222 184 3
222 200 3
222 201 3
222 217 3
222 219 3
222 222 3
222 235 3
222 250 3
222 257 3
222 258 4
222 260 3
222 270 3
222 273 3
222 276 3
222 286 3
222 287 3
222 288 3
222 293 4
222 294 3
222 299 3
222 307 4
222 324 3
222 326 3
222 327 3
222 334 3
222 370 3
222 379 3
222 396 3
222 410 3
222 436 4
222 447 3
222 448 3
222 452 3
222 458 3
222 475 3
222 477 3
222 515 4
222 551 3
222 558 3
222 559 3
222 561 3
222 590 2
222 665 3
222 670 3
222 671 4
222 672 3
222 682 3
222 742 3
222 760 3
222 854 3
222 867 4
222 919 3
222 922 3
222 926 3
223 9 3
223 15 3
223 127 3
223 148 4
223 237 3
223 245 5
223 258 4
223 269 3
223 272 4
223 276 3
223 282 3
223 286 3
223 299 4
223 300 3
223 304 3
223 307 3
223 310 4
223 313 3
223 315 3
223 322 4
223 323 4
223 326 4
223 327 4
223 328 4
223 329 3
223 333 3
223 340 3
223 344 3
223 347 3
223 355 4
223 471 3
223 546 4
223 591 3
223 628 3
223 678 4
223 689 5
223 696 3
223 744 3
223 748 4
223 750 3
223 754 4
223 823 4
223 879 4
223 898 4
223 924 4
223 977 4
224 1 5
224 14 4
224 15 4
224 25 4
224 50 5
224 100 4
224 115 4
224 127 4
224 151 4
224 172 4
224 243 3
224 261 3
224 275 4
224 288 5
224 289 3
224 310 4
224 323 3
224 333 4
224 427 4
224 508 4
224 538 4
224 681 4
224 683 3
224 689 4
224 882 4
225 1 3
225 2 3
225 7 3
225 17 3
225 22 3
225 24 3
225 32 3
225 38 3
225 39 3
225 53 3
225 55 3
225 62 3
225 68 3
225 79 3
225 82 3
225 83 3
225 98 3
225 100 3
225 117 3
225 118 3
225 121 3
225 124 3
225 127 3
225 144 3
225 147 3
225 156 3
225 168 3
225 171 3
225 172 3
225 174 3
225 176 3
225 177 3
225 178 3
225 180 3
225 183 3
225 185 3
225 187 3
225 188 3
225 191 3
225 195 3
225 198 3
225 200 3
225 201 3
225 204 3
225 207 3
225 209 3
225 210 3
225 218 3
225 222 3
225 227 3
225 229 3
225 230 3
225 231 3
225 232 3
225 234 3
225 241 3
225 244 3
225 250 3
225 252 3
225 257 3
225 259 3
225 271 3
225 272 3
225 273 3
225 281 3
225 286 3
225 288 3
225 298 3
225 302 3
225 305 3
225 307 3
225 310 3
225 313 3
225 316 4
225 318 3
225 322 3
225 323 3
225 324 3
225 325 3
225 327 3
225 333 3
225 338 3
225 340 3
225 343 3
225 346 3
225 355 3
225 357 3
225 358 3
225 362 3
225 363 3
225 379 3
225 385 3
225 398 2
225 424 2
225 429 3
225 445 3
225 447 3
225 448 3
225 452 3
225 474 3
225 475 3
225 491 3
225 515 3
225 520 3
225 522 3
225 529 3
225 538 3
225 540 3
225 550 3
225 562 3
225 566 3
225 568 3
225 573 3
225 576 3
225 583 3
225 590 2
225 597 3
225 636 3
225 669 2
225 670 3
225 675 3
225 678 3
225 679 3
225 686 3
225 690 3
225 748 2
225 750 3
225 751 3
225 759 3
225 823 3
225 825 3
225 831 2
225 841 3
225 853 4
225 877 2
225 879 3
225 895 3
225 912 2
225 943 3
225 976 3
226 23 4
226 50 4
226 98 4
226 99 4
226 133 4
226 134 4
226 135 4
226 168 4
226 174 4
226 178 4
226 182 4
226 185 4
226 191 4
226 196 4
226 197 4
226 199 4
226 200 4
226 204 4
226 208 5
226 211 4
226 318 4
226 418 4
226 427 4
226 428 4
226 430 4
226 432 4
226 435 4
226 474 4
226 478 4
226 480 4
226 483 4
226 486 4
226 488 4
226 490 4
226 491 4
226 492 4
226 493 4
226 494 4
226 504 4
226 505 4
226 510 4
226 511 4
226 524 4
226 525 4
226 526 4
226 601 4
226 603 4
226 605 4
226 606 4
226 607 4
226 608 4
226 610 4
226 613 4
226 614 4
226 616 4
226 631 4
226 633 4
226 646 4
226 648 4
226 651 4
226 653 4
226 654 4
226 655 4
226 657 4
226 673 4
226 705 4
226 754 4
226 835 4
226 836 4
226 848 4
227 245 5
227 258 4
227 263 4
227 286 4
227 292 4
227 300 4
227 302 5
227 303 4
227 304 4
227 319 4
227 332 5
227 341 5
227 359 4
227 680 4
227 681 4
227 682 4
227 688 4
227 874 4
228 243 4
228 259 4
228 268 4
228 271 4
228 272 4
228 286 4
228 289 4
228 294 4
228 300 4
228 301 4
228 305 4
228 307 4
228 312 4
228 313 4
228 322 4
228 323 4
228 326 4
228 329 4
228 332 4
228 334 4
228 338 4
228 344 4
228 350 4
228 538 4
228 690 4
228 750 4
228 875 4
228 877 4
228 879 4
228 886 4
228 896 4
228 908 4
228 988 4
229 1 3
229 2 3
229 3 3
229 4 3
229 7 3
229 8 3
229 12 3
229 15 3
229 21 4
229 22 3
229 23 3
229 24 3
229 26 3
229 28 3
229 31 3
229 32 3
229 45 3
229 47 3
229 48 3
229 50 3
229 52 3
229 53 4
229 55 3
229 56 3
229 58 3
229 62 3
229 63 3
229 64 3
229 66 3
229 68 3
229 69 3
229 70 3
229 72 3
229 73 3
229 77 3
229 79 3
229 81 3
229 82 3
229 83 3
229 85 3
229 86 3
229 87 3
229 88 3
229 89 3
229 90 4
229 91 3
229 92 3
229 93 3
229 95 3
229 96 3
229 97 3
229 101 3
229 109 3
229 114 3
229 117 3
229 118 3
229 123 3
229 124 3
229 127 3
229 128 3
229 132 3
229 133 3
229 134 3
229 137 3
229 140 4
229 141 3
229 143 3
229 144 3
229 150 3
229 151 3
229 153 3
229 154 3
229 157 3
229 159 3
229 161 3
229 162 3
229 163 3
229 164 3
229 165 3
229 166 3
229 168 3
229 170 3
229 172 3
229 174 3
229 178 3
229 179 3
229 181 3
229 183 3
229 184 3
229 185 3
229 186 3
229 188 3
229 190 3
229 191 3
229 193 3
229 195 3
229 197 3
229 201 3
229 202 3
229 203 3
229 207 3
229 208 3
229 209 3
229 210 3
229 211 3
229 214 3
229 216 3
229 218 3
229 219 4
229 223 3
229 225 3
229 229 3
229 232 4
229 233 3
229 237 3
229 238 3
229 248 3
229 249 3
229 250 3
229 258 3
229 264 3
229 265 3
229 273 3
229 274 3
229 275 3
229 276 3
229 277 3
229 280 3
229 281 3
229 282 3
229 283 3
229 288 3
229 290 3
229 291 3
229 298 3
229 301 3
229 318 3
229 319 3
229 321 3
229 340 3
229 356 3
229 365 4
229 366 3
229 367 3
229 371 3
229 378 3
229 385 3
229 387 3
229 392 3
229 393 3
229 403 3
229 404 3
229 405 3
229 410 3
229 411 4
229 415 4
229 418 3
229 419 3
229 423 3
229 427 3
229 428 3
229 431 3
229 432 3
229 433 3
229 435 3
229 436 3
229 441 4
229 448 3
229 455 3
229 457 4
229 464 3
229 466 3
229 467 3
229 468 4
229 470 3
229 473 3
229 475 3
229 480 3
229 481 3
229 482 3
229 483 3
229 484 3
229 485 3
229 491 3
229 493 3
229 495 3
229 496 3
229 499 3
229 500 3
229 502 3
229 504 3
229 505 3
229 508 3
229 511 3
229 514 3
229 520 3
229 527 3
229 531 3
229 535 3
229 537 3
229 546 4
229 549 3
229 550 3
