201 1 3
201 111 4
201 268 3
201 283 3
201 291 3
201 305 3
201 331 3
201 740 3
202 259 3
202 292 3
202 682 3
202 872 3
202 877 3
202 880 3
202 887 3
202 895 3
202 948 3
203 7 3
203 9 3
203 100 3
203 106 3
203 111 4
203 117 4
203 118 3
203 121 4
203 123 3
203 129 3
203 148 3
203 181 3
203 222 3
203 235 3
203 274 3
203 276 3
203 284 3
203 291 3
203 370 3
203 410 3
203 471 3
203 472 3
203 515 3
203 546 3
203 597 3
203 685 3
203 748 3
203 845 3
203 864 3
203 866 3
203 925 3
203 928 3
204 22 3
204 66 3
204 243 3
204 245 4
204 258 4
204 259 3
204 269 3
204 270 3
204 289 3
204 300 4
204 307 3
204 310 3
204 313 3
204 323 3
204 327 4
204 331 3
204 333 3
204 342 3
204 343 3
204 348 4
204 678 3
204 683 3
204 687 3
204 689 4
204 690 4
204 748 3
204 754 4
204 879 3
204 892 3
204 901 3
205 2 3
205 5 3
205 8 3
205 11 3
205 12 3
205 22 1
205 23 3
205 28 3
205 29 3
205 30 3
205 31 3
205 32 3
205 33 3
205 37 3
205 38 3
205 39 3
205 40 3
205 41 3
205 42 3
205 43 3
205 45 3
205 47 3
205 48 3
205 49 3
205 50 3
205 51 3
205 52 3
205 53 3
205 55 3
205 56 3
205 57 3
205 58 3
205 60 3
205 61 3
205 62 3
205 63 3
205 64 3
205 66 3
205 67 3
205 68 3
205 70 3
205 71 3
205 72 3
205 73 3
205 75 3
205 76 3
205 77 3
205 78 3
205 80 3
205 81 3
205 82 3
205 83 3
205 85 3
205 87 3
205 88 3
205 90 3
205 91 3
205 92 3
205 94 3
205 96 3
205 97 3
205 98 3
205 101 3
205 102 3
205 127 3
205 132 3
205 135 3
205 139 3
205 141 3
205 142 3
205 149 3
205 161 3
205 168 3
205 169 3
205 172 3
205 173 3
205 175 3
205 178 3
205 179 3
205 180 3
205 183 3
205 184 3
205 185 3
205 186 3
205 188 3
205 189 3
205 190 3
205 191 3
205 192 3
205 193 3
205 195 3
205 197 3
205 198 3
205 199 3
205 200 3
205 202 3
205 204 3
205 206 3
205 207 3
205 208 3
205 210 3
205 211 3
205 212 3
205 214 3
205 215 3
205 216 3
205 217 3
205 218 3
205 219 3
205 226 3
205 227 3
205 228 1
205 229 3
205 230 3
205 231 3
205 232 3
205 233 3
205 234 3
205 238 3
205 239 3
205 265 3
205 288 3
205 302 3
205 308 3
205 317 3
205 318 3
205 347 3
205 350 3
205 351 3
205 356 3
205 361 3
205 364 3
205 365 3
205 366 3
205 367 3
205 371 3
205 374 3
205 376 3
205 377 3
205 379 3
205 383 3
205 384 3
205 386 3
205 387 3
205 388 3
205 391 3
205 393 3
205 395 3
205 396 3
205 397 3
205 399 3
205 400 3
205 402 3
205 403 3
205 404 3
205 414 3
205 415 3
205 416 3
205 417 3
205 419 3
205 420 3
205 421 3
205 422 3
205 423 3
205 426 3
205 427 3
205 430 3
205 431 3
205 433 3
205 434 3
205 437 3
205 438 3
205 439 3
205 440 3
205 441 3
205 442 3
205 444 3
205 446 3
205 447 3
205 448 3
205 449 3
205 450 3
205 451 3
205 452 3
205 453 3
205 461 3
205 462 3
205 463 3
205 464 3
205 465 3
205 467 3
205 469 3
205 470 3
205 480 3
205 482 3
205 501 3
205 504 3
205 509 3
205 510 3
205 511 3
205 514 3
205 515 3
205 516 3
205 517 3
205 518 3
205 519 3
205 520 3
205 521 3
205 522 3
205 523 3
205 524 3
205 525 3
205 526 3
205 527 3
205 528 3
205 529 3
205 530 3
205 536 3
205 537 3
205 540 3
205 541 3
205 543 3
205 545 3
205 548 3
205 549 3
205 551 3
205 552 3
205 553 3
205 555 3
205 556 3
205 557 3
205 558 3
205 559 3
205 560 3
205 561 3
205 562 3
205 563 3
205 564 3
205 565 3
205 566 3
205 567 3
205 568 3
205 569 3
205 570 3
205 573 3
205 574 3
205 575 3
205 577 3
205 578 3
205 579 3
205 580 3
205 581 3
205 583 3
205 584 3
205 585 3
205 586 3
205 588 3
205 592 3
205 593 3
205 603 3
205 606 3
205 622 3
205 623 3
205 624 3
205 625 3
205 626 3
205 627 3
205 639 3
205 642 3
205 643 3
205 644 3
205 645 3
205 647 3
205 648 3
205 649 3
205 650 3
205 651 3
205 652 3
205 653 3
205 654 3
205 655 3
205 656 3
205 659 3
205 661 3
205 662 3
205 664 3
205 666 3
205 667 3
205 669 3
205 670 3
205 671 3
205 673 3
205 674 3
205 675 3
205 679 3
205 684 3
205 692 3
205 693 3
205 694 3
205 695 3
205 697 3
205 699 3
205 700 3
205 702 3
205 707 3
205 708 3
205 710 3
205 712 3
205 714 3
205 715 3
205 716 3
205 719 3
205 720 3
205 721 3
205 722 3
205 723 3
205 726 3
205 727 3
205 728 3
205 729 3
205 731 3
205 732 3
205 734 3
205 736 3
205 739 3
205 745 3
205 746 3
205 747 3
205 753 3
205 755 3
205 759 3
205 761 3
205 765 3
205 768 3
205 769 3
205 770 3
205 771 3
205 772 3
205 773 3
205 774 3
205 775 3
205 776 3
205 777 3
205 778 3
205 779 3
205 780 3
205 782 3
205 783 3
205 784 3
205 785 3
205 786 3
205 787 3
205 788 3
205 789 3
205 790 3
205 791 3
205 793 3
205 794 3
205 795 3
205 796 3
205 798 3
205 802 3
205 807 3
205 808 3
205 810 3
205 812 3
205 816 3
205 842 3
205 843 3
205 849 3
205 851 3
205 853 3
205 854 3
205 855 3
205 858 3
205 859 3
205 860 3
205 861 3
205 904 3
205 921 3
205 939 3
205 941 3
205 943 3
205 944 3
205 946 3
205 947 3
205 949 3
205 951 3
205 953 3
205 955 3
205 956 3
205 957 3
205 959 3
205 960 3
205 964 3
205 969 3
205 971 3
205 994 3
205 996 3
205 997 3
205 999 3
206 1 3
206 3 3
206 4 3
206 5 3
206 7 3
206 8 3
206 10 3
206 11 3
206 12 3
206 13 3
206 14 3
206 15 3
206 20 3
206 22 3
206 24 3
206 25 3
206 28 3
206 30 3
206 32 3
206 39 3
206 40 3
206 42 3
206 47 3
206 48 3
206 50 3
206 52 3
206 58 3
206 63 3
206 64 3
206 69 3
206 71 3
206 72 3
206 79 3
206 85 3
206 86 3
206 87 3
206 89 3
206 92 3
206 93 3
206 96 3
206 99 3
206 115 3
206 117 3
206 121 3
206 123 3
206 125 3
206 127 3
206 129 3
206 131 3
206 132 3
206 133 3
206 134 3
206 135 3
206 136 3
206 143 3
206 148 3
206 151 3
206 152 3
206 153 3
206 156 3
206 158 3
206 164 3
206 168 3
206 170 3
206 172 3
206 173 3
206 174 3
206 175 3
206 179 3
206 181 3
206 182 3
206 183 3
206 186 3
206 187 3
206 188 3
206 190 3
206 191 3
206 194 3
206 195 3
206 196 3
206 198 3
206 199 3
206 202 3
206 203 3
206 204 3
206 206 3
206 209 3
206 211 3
206 212 3
206 213 3
206 215 3
206 218 3
206 219 3
206 220 3
206 222 3
206 228 3
206 234 3
206 235 3
206 237 3
206 238 3
206 239 3
206 240 3
206 274 3
206 275 3
206 276 3
206 277 3
206 284 3
206 289 3
206 317 3
206 318 3
206 357 3
206 368 3
206 381 3
206 396 3
206 404 3
206 405 3
206 410 3
206 411 3
206 414 3
206 418 3
206 419 3
206 420 3
206 421 3
206 427 3
206 428 3
206 429 3
206 430 3
206 431 3
206 434 3
206 435 3
206 436 3
206 443 3
206 447 3
206 451 3
206 452 3
206 453 3
206 461 3
206 463 3
206 468 3
206 469 3
206 474 3
206 476 3
206 479 3
206 480 3
206 481 3
206 482 3
206 485 3
206 487 3
206 488 3
206 490 3
206 496 3
206 498 3
206 499 3
206 501 3
206 503 3
206 504 3
206 505 3
206 507 3
206 508 3
206 509 3
206 511 3
206 514 3
206 515 3
206 517 3
206 519 3
206 520 3
206 523 3
206 524 3
206 526 3
206 527 3
206 528 3
206 529 3
206 543 3
206 559 3
206 561 3
206 573 3
206 582 3
206 588 3
206 589 3
206 591 3
206 596 3
206 605 3
206 606 3
206 607 3
206 608 3
206 610 3
206 611 3
206 612 3
206 624 3
206 632 3
206 633 3
206 634 3
206 638 3
206 639 3
206 640 3
206 641 3
206 642 3
206 645 3
206 647 3
206 651 3
206 652 3
206 655 3
206 662 3
206 663 3
206 664 3
206 665 3
206 672 3
206 675 3
206 692 3
206 693 3
206 699 3
206 701 3
206 705 3
206 712 3
206 713 3
206 715 3
206 727 3
206 732 3
206 735 3
206 737 3
206 745 3
206 746 3
206 747 3
206 756 3
206 772 3
206 787 3
206 813 3
206 823 3
206 825 3
206 826 3
206 831 3
206 845 3
206 919 3
206 921 3
206 923 3
206 942 3
206 960 3
206 962 3
207 1 3
207 2 3
207 4 3
207 8 3
207 25 3
207 28 3
207 29 3
207 40 3
207 45 3
207 50 4
207 56 4
207 62 3
207 68 3
207 69 3
207 70 3
207 82 3
207 88 3
207 89 3
207 91 3
207 96 3
207 97 3
207 98 3
207 99 3
207 100 3
207 117 3
207 118 3
207 123 3
207 127 4
207 132 3
207 135 3
207 143 3
207 144 3
207 147 3
207 157 3
207 158 3
207 159 3
207 161 3
207 163 3
207 172 3
207 173 3
207 174 3
207 177 3
207 179 3
207 180 3
207 181 3
207 182 3
207 183 3
207 185 3
207 186 3
207 188 3
207 193 3
207 194 3
207 196 3
207 197 3
207 200 3
207 201 3
207 202 4
207 203 3
207 205 3
207 208 3
207 209 3
207 211 3
207 214 3
207 215 3
207 216 3
207 217 3
207 218 3
207 222 3
207 223 3
207 226 3
207 227 3
207 228 3
207 229 3
207 230 3
207 231 3
207 232 3
207 235 3
207 238 3
207 239 3
207 244 3
207 248 3
207 249 3
207 250 3
207 255 3
207 257 3
207 265 3
207 269 3
207 274 3
207 286 4
207 289 3
207 290 3
207 291 3
207 313 3
207 316 4
207 345 3
207 357 3
207 371 3
207 382 3
207 385 3
207 393 3
207 399 3
207 400 3
207 405 3
207 416 3
207 418 3
207 423 3
207 427 3
207 428 3
207 432 3
207 433 3
207 436 3
207 447 3
207 448 3
207 449 3
207 455 3
207 466 3
207 476 3
207 478 3
207 479 3
207 483 3
207 484 3
207 493 3
207 496 3
207 502 3
207 508 3
207 510 3
207 514 3
207 519 3
207 521 3
207 525 3
207 559 3
207 561 3
207 565 3
207 588 3
207 603 3
207 616 3
207 629 3
207 635 3
207 642 3
207 648 3
207 656 3
207 657 3
207 660 3
207 675 3
207 684 3
207 705 3
207 710 3
207 712 3
207 715 3
207 729 3
207 732 3
207 746 3
207 755 3
207 756 3
207 785 3
207 844 3
207 859 3
207 869 3
207 879 4
207 949 3
207 969 3
207 972 3
207 993 3
208 270 4
208 271 3
208 286 3
208 294 4
208 300 5
208 313 3
208 315 3
208 319 3
208 328 5
208 347 3
208 358 3
208 539 3
208 683 3
208 689 5
208 748 3
209 6 3
209 8 3
209 9 3
209 12 3
209 14 4
209 22 3
209 23 3
209 28 3
209 30 3
209 48 3
209 50 3
209 58 3
209 59 3
209 60 3
209 65 5
209 87 3
209 97 3
209 98 3
209 99 3
209 100 3
209 133 3
209 135 3
209 153 3
209 154 3
209 156 3
209 162 3
209 166 3
209 168 3
209 170 3
209 172 3
209 173 5
209 174 3
209 175 3
209 179 3
209 181 3
209 186 3
209 191 5
209 192 3
209 195 3
209 197 3
209 199 3
209 200 3
209 201 3
209 202 3
209 203 3
209 204 3
209 205 3
209 207 3
209 209 3
209 210 3
209 213 3
209 214 3
209 216 3
209 223 3
209 264 3
209 266 3
209 270 4
209 275 3
209 276 3
209 283 3
209 285 3
209 286 3
209 288 4
209 300 3
209 303 3
209 318 3
209 321 3
209 322 3
209 325 3
209 327 3
209 339 3
209 343 3
209 357 3
209 367 3
209 381 3
209 382 3
209 404 3
209 427 3
209 428 3
209 429 3
209 430 3
209 433 3
209 435 3
209 461 3
209 478 3
209 479 4
209 480 3
209 481 3
209 482 3
209 483 3
209 485 3
209 486 3
209 489 3
209 491 3
209 493 3
209 496 3
209 497 3
209 498 3
209 504 3
209 505 3
209 514 3
209 516 3
209 518 3
209 520 3
209 523 3
209 526 3
209 527 3
209 528 3
209 530 3
209 604 3
209 606 3
209 607 3
209 608 3
209 609 3
209 615 3
209 618 3
209 631 3
209 633 3
209 647 3
209 654 3
209 659 5
209 661 3
209 664 3
209 676 3
209 680 3
209 684 3
209 708 3
209 709 3
209 714 3
209 733 3
209 749 3
209 855 3
209 877 3
209 879 3
209 937 3
209 945 3
209 965 3
209 995 3
210 258 3
210 269 3
210 286 2
210 289 2
210 300 3
210 311 2
210 312 3
210 313 3
210 315 1
210 316 1
210 323 3
210 328 3
210 340 1
210 354 3
210 690 3
210 754 3
210 873 3
210 898 3
210 905 3
211 1 5
211 4 3
211 9 5
211 22 3
211 38 3
211 56 3
211 73 3
211 88 3
211 117 3
211 161 3
211 168 3
211 172 3
211 181 3
211 186 3
211 195 3
211 196 3
211 208 3
211 209 3
211 210 3
211 222 3
211 227 3
211 228 3
211 229 3
211 230 3
211 258 3
211 265 3
211 276 3
211 318 3
211 405 3
211 435 3
211 449 3
211 451 3
211 485 3
211 527 3
211 566 3
211 568 3
211 651 3
211 655 3
211 709 3
211 720 3
211 732 3
211 770 3
212 4 3
212 7 3
212 23 3
212 24 3
212 28 3
212 56 3
212 64 3
212 70 3
212 81 3
212 92 3
212 96 3
212 150 3
212 154 3
212 172 3
212 173 3
212 175 3
212 182 3
212 186 3
212 193 3
212 206 3
212 211 3
212 218 3
212 276 3
212 288 4
212 318 3
212 340 3
212 408 3
212 427 3
212 436 3
212 480 3
212 487 3
212 508 3
212 526 3
212 634 3
212 651 3
212 684 3
212 724 3
213 7 3
213 9 3
213 15 3
213 50 3
213 124 3
213 181 3
213 222 3
213 236 3
213 245 3
213 255 3
213 257 3
213 258 3
213 260 3
213 269 3
213 271 3
213 275 3
213 286 3
213 297 3
213 300 3
213 301 4
213 302 3
213 303 3
213 306 5
213 326 3
213 328 3
213 332 3
213 471 3
213 508 3
213 628 3
213 690 3
213 877 3
213 936 3
214 100 3
214 258 3
214 260 3
214 294 3
214 300 3
214 301 3
214 302 4
214 325 3
214 340 3
214 343 3
214 678 3
214 748 3
215 56 3
215 185 3
215 195 3
215 243 3
215 269 3
215 322 3
215 323 3
215 328 3
215 432 3
215 531 3
215 748 3
215 754 3
216 1 3
216 2 3
216 7 3
216 8 3
216 9 3
216 10 3
216 11 3
216 12 3
216 13 3
216 14 3
216 21 3
216 22 3
216 24 3
216 25 3
216 27 3
216 28 3
216 29 3
216 31 3
216 32 3
216 36 3
216 38 3
216 41 3
216 42 3
216 43 3
216 44 3
216 49 3
216 50 3
216 51 3
216 53 3
216 54 3
216 55 3
216 56 3
216 58 3
216 64 3
216 65 3
216 66 3
216 67 3
216 69 3
216 70 3
216 71 3
216 73 3
216 77 3
216 81 3
216 82 3
216 83 3
216 85 3
216 86 3
216 87 3
216 88 3
216 90 3
216 92 3
216 93 3
216 94 3
216 97 3
216 98 3
216 99 5
216 105 3
216 106 3
216 107 3
216 117 3
216 121 3
216 123 3
216 125 3
216 126 3
216 127 5
216 132 3
216 133 3
216 134 3
216 136 3
216 137 3
216 140 3
216 142 3
216 143 3
216 144 3
216 148 3
216 154 3
216 155 3
216 156 3
216 157 3
216 158 3
216 159 3
216 161 3
216 168 3
216 172 3
216 174 3
216 176 3
216 178 3
216 181 3
216 182 5
216 183 3
216 185 3
216 187 3
216 191 3
216 194 3
216 195 3
216 196 3
216 197 3
216 199 3
216 200 3
216 202 3
216 203 3
216 204 3
216 209 3
216 210 3
216 211 3
216 213 3
216 215 3
216 216 3
216 217 3
216 219 3
216 220 3
216 225 3
216 226 3
216 230 3
216 234 3
216 237 3
216 238 3
216 239 3
216 240 3
216 241 3
216 242 3
216 245 3
216 246 3
216 248 3
216 249 3
216 250 3
216 251 3
216 252 3
216 253 3
216 254 3
216 257 3
216 258 3
216 259 3
216 264 3
216 266 3
216 268 3
216 272 3
216 274 3
216 275 3
216 276 3
216 277 3
216 281 3
216 283 3
216 284 3
216 285 3
216 286 3
216 287 3
216 288 3
216 289 3
216 294 3
216 295 3
216 297 3
216 298 3
216 301 3
216 304 3
216 307 3
216 312 3
216 313 3
216 315 3
216 316 3
216 317 3
216 318 3
216 319 3
216 322 3
216 323 3
216 326 3
216 327 3
216 328 3
216 329 3
216 331 3
216 332 3
216 333 3
216 338 3
216 339 3
216 346 3
216 347 3
216 348 3
216 354 3
216 356 3
216 357 3
216 364 3
216 366 3
216 367 3
216 369 3
216 375 3
216 378 3
216 385 3
216 388 3
216 393 3
216 395 3
216 396 3
216 399 3
216 401 3
216 402 3
216 403 3
216 404 3
216 405 3
216 411 3
216 412 3
216 417 3
216 418 3
216 419 3
216 423 3
216 425 3
216 427 3
216 431 3
216 432 3
216 433 3
216 443 3
216 448 3
216 451 3
216 452 3
216 462 3
216 463 3
216 468 3
216 469 3
216 471 3
216 472 3
216 473 3
216 475 3
216 476 3
216 479 3
216 480 3
216 496 3
216 498 3
216 500 3
216 501 3
216 506 3
216 509 3
216 515 3
216 526 3
216 531 3
216 532 3
216 538 3
216 546 3
216 549 3
216 553 3
216 554 3
216 559 3
216 560 3
216 564 3
216 568 3
216 576 3
216 578 3
216 585 3
216 588 3
216 591 3
216 592 3
216 607 3
216 614 3
216 619 3
216 625 3
216 627 3
216 628 3
216 633 3
216 651 3
216 652 3
216 657 3
216 658 3
216 660 3
216 662 3
216 676 3
216 678 3
216 682 3
216 684 3
216 685 3
216 686 3
216 689 3
216 690 3
216 693 3
216 696 3
216 699 3
216 707 3
216 708 3
216 710 3
216 712 3
216 713 3
216 717 3
216 720 3
216 721 3
216 723 3
216 724 3
216 729 3
216 734 3
216 735 3
216 737 3
216 738 3
216 739 3
216 746 3
216 747 3
216 748 3
216 750 3
216 754 3
216 755 3
216 761 3
216 762 3
216 768 3
216 770 3
216 775 3
216 778 3
216 781 3
216 783 3
216 785 3
216 790 3
216 792 3
216 794 3
216 795 3
216 803 3
216 807 3
216 812 3
216 815 3
216 819 3
216 821 3
216 824 3
216 827 3
216 833 3
216 834 3
216 840 3
216 842 3
216 843 3
216 845 3
216 849 3
216 864 3
216 866 3
216 873 3
216 874 3
216 879 3
216 895 3
216 915 3
216 916 3
216 917 3
216 918 3
216 928 3
216 929 3
216 931 3
216 934 3
216 936 3
216 937 3
216 938 3
216 941 3
216 955 3
216 959 3
216 966 3
216 972 3
216 975 3
216 980 3
216 985 3
216 990 3
216 997 3
217 1 3
217 3 3
217 5 3
217 7 3
217 11 3
217 12 3
217 13 3
217 15 3
217 16 3
217 17 3
217 20 3
217 23 3
217 27 3
217 29 3
217 32 3
217 39 3
217 42 3
217 44 3
217 47 3
217 50 3
217 51 3
217 55 3
217 56 3
217 58 3
217 62 3
217 63 3
217 64 3
217 65 3
217 67 3
217 68 3
217 69 3
217 70 3
217 72 3
217 73 3
217 77 3
217 78 3
217 79 4
217 80 3
217 81 3
217 82 3
217 83 3
217 89 3
217 91 3
217 95 3
217 96 3
217 97 3
217 98 3
217 99 3
217 100 3
217 101 3
217 106 3
217 109 3
217 118 3
217 120 3
217 122 3
217 123 3
217 125 3
217 127 3
217 131 3
217 132 3
217 135 3
217 139 3
217 142 3
217 144 3
217 145 3
217 147 3
217 154 3
217 157 3
217 159 3
217 162 3
217 164 3
217 167 3
217 168 3
217 169 3
217 171 3
217 172 3
217 173 3
217 174 3
217 176 3
217 178 3
217 179 3
217 181 3
217 182 3
217 183 3
217 184 3
217 186 3
217 190 3
217 195 3
217 196 3
217 198 3
217 200 3
217 201 3
217 202 3
217 206 3
217 207 3
217 208 3
217 214 3
217 216 3
217 217 3
217 218 3
217 219 3
217 222 3
217 223 3
217 226 3
217 228 3
217 232 3
217 234 3
217 235 3
217 242 3
217 245 3
217 246 3
217 248 3
217 250 3
217 252 3
217 255 3
217 257 3
217 258 3
217 260 3
217 264 3
217 265 3
217 270 3
217 273 3
217 286 3
217 288 3
217 290 3
217 293 3
217 294 3
217 298 3
217 323 3
217 324 3
217 325 3
217 326 3
217 340 3
217 357 3
217 358 3
217 364 3
217 367 3
217 373 3
217 380 3
217 382 3
217 385 3
217 386 3
217 388 3
217 391 3
217 392 3
217 393 3
217 395 3
217 396 3
217 399 3
217 402 3
217 403 3
217 404 3
217 413 3
217 419 3
217 420 3
217 421 3
217 422 3
217 423 3
217 425 3
217 428 3
217 431 3
217 433 3
217 436 3
217 441 3
217 444 3
217 447 3
217 449 3
217 451 3
217 452 3
217 461 3
217 465 3
217 472 3
217 474 3
217 475 3
217 483 3
217 484 3
217 485 3
217 498 3
217 501 3
217 508 3
217 513 3
217 518 3
217 541 3
217 544 3
217 545 3
217 546 3
217 551 3
217 552 3
217 555 3
217 559 3
217 561 3
217 562 3
217 563 3
217 574 3
217 578 3
217 579 3
217 582 3
217 596 3
217 597 3
217 614 3
217 616 3
217 625 3
217 628 3
217 631 3
217 636 3
217 638 3
217 640 3
217 642 3
217 655 3
217 658 3
217 665 3
217 668 3
217 669 3
217 674 3
217 679 3
217 684 3
217 685 3
217 692 3
217 708 3
217 709 3
217 710 3
217 715 3
217 723 3
217 725 3
217 727 3
217 728 3
217 732 3
217 742 3
217 746 3
217 747 3
217 748 3
217 758 3
217 762 3
217 764 3
217 765 3
217 767 3
217 769 3
217 774 3
217 778 3
217 781 3
217 783 3
217 792 3
217 796 3
217 797 3
217 800 3
217 804 3
217 809 3
217 810 3
217 815 3
217 825 3
217 827 3
217 831 3
217 849 3
217 855 3
217 871 3
217 895 3
217 923 3
217 928 3
217 940 3
217 943 3
217 944 3
217 946 3
217 963 3
217 979 3
217 999 3
217 1000 3
218 258 2
218 269 3
218 288 3
218 301 3
218 302 3
218 313 3
218 327 3
218 328 3
218 331 3
218 362 3
218 750 3
218 895 3
218 899 3
219 50 3
219 79 3
219 89 3
219 100 3
219 173 3
219 181 3
219 223 3
219 257 3
219 275 3
219 286 5
219 405 3
219 478 3
219 488 3
219 615 3
219 617 3
219 705 3
220 19 3
220 86 3
220 100 3
220 116 3
220 137 3
220 251 3
220 275 3
220 283 3
220 302 3
220 319 3
220 331 3
220 408 3
220 475 3
220 478 3
220 508 3
220 513 3
220 603 3
220 750 3
220 753 3
221 4 3
221 7 3
221 11 3
221 12 3
221 50 4
221 56 3
221 82 3
221 87 3
221 89 4
221 96 3
221 100 4
221 117 3
221 124 3
221 127 3
221 129 3
221 144 3
221 156 3
221 164 3
221 172 3
221 174 3
221 175 3
221 176 3
221 182 3
221 183 3
221 185 3
221 194 3
221 200 3
221 213 3
221 218 3
221 219 3
221 238 3
221 302 3
221 333 3
221 443 3
221 448 3
221 466 3
221 516 3
221 517 3
221 653 3
221 657 3
221 672 3
221 709 3
221 879 3
221 914 3
221 915 3
222 1 3
222 15 3
222 50 3
222 53 3
222 98 3
222 100 3
222 109 3
222 117 3
222 124 3
222 126 3
222 127 3
222 129 3
222 137 3
222 151 3
222 181 3
222 184 3
222 200 3
222 201 3
222 217 3
222 219 3
222 222 3
222 235 3
222 250 3
222 257 3
222 258 3
222 260 3
222 270 3
222 273 3
222 276 3
222 286 3
222 287 3
222 288 3
222 293 4
222 294 2
222 299 3
222 307 4
222 324 3
222 326 3
222 327 3
222 334 3
222 370 3
222 379 3
222 396 3
222 410 3
222 436 3
222 447 3
222 448 3
222 452 3
222 458 3
222 475 3
222 477 3
222 515 3
222 551 3
222 558 3
222 559 3
222 561 3
222 590 3
222 665 3
222 670 3
222 671 3
222 672 3
222 682 3
222 742 3
222 760 3
222 854 3
222 867 3
222 919 3
222 922 3
222 926 3
223 9 3
223 15 3
223 127 3
223 148 3
223 237 3
223 245 5
223 258 5
223 269 3
223 272 4
223 276 3
223 282 3
223 286 3
223 299 3
223 300 3
223 304 3
223 307 2
223 310 4
223 313 3
223 315 3
223 322 3
223 323 3
223 326 5
223 327 3
223 328 5
223 329 3
223 333 3
223 340 3
223 344 3
223 347 3
223 355 3
223 471 3
223 546 3
223 591 3
223 628 3
223 678 3
223 689 5
223 696 3
223 744 3
223 748 3
223 750 3
223 754 5
223 823 3
223 879 3
223 898 3
223 924 3
223 977 3
224 1 5
224 14 3
224 15 3
224 25 3
224 50 5
224 100 3
224 115 3
224 127 3
224 151 3
224 172 3
224 243 3
224 261 3
224 275 3
224 288 5
224 289 3
224 310 3
224 323 3
224 333 3
224 427 3
224 508 3
224 538 5
224 681 3
224 683 3
224 689 3
224 882 3
225 1 3
225 2 3
225 7 3
225 17 3
225 22 3
225 24 3
225 32 3
225 38 3
225 39 3
225 53 3
225 55 3
225 62 3
225 68 3
225 79 3
225 82 3
225 83 3
225 98 3
225 100 3
225 117 3
225 118 3
225 121 3
225 124 3
225 127 3
225 144 3
225 147 3
225 156 3
225 168 3
225 171 3
225 172 3
225 174 3
225 176 3
225 177 3
225 178 3
225 180 3
225 183 3
225 185 3
225 187 3
225 188 3
225 191 3
225 195 3
225 198 3
225 200 3
225 201 3
225 204 3
225 207 3
225 209 3
225 210 3
225 218 3
225 222 3
225 227 3
225 229 3
225 230 3
225 231 3
225 232 3
225 234 3
225 241 3
225 244 3
225 250 3
225 252 3
225 257 3
225 259 3
225 271 3
225 272 3
225 273 3
225 281 3
225 286 3
225 288 3
225 298 3
225 302 2
225 305 3
225 307 3
225 310 3
225 313 3
225 316 3
225 318 3
225 322 3
225 323 3
225 324 3
225 325 3
225 327 3
225 333 3
225 338 3
225 340 3
225 343 3
225 346 3
225 355 3
225 357 3
225 358 3
225 362 3
225 363 3
225 379 3
225 385 3
225 398 3
225 424 3
225 429 3
225 445 3
225 447 3
225 448 3
225 452 3
225 474 3
225 475 3
225 491 3
225 515 3
225 520 3
225 522 3
225 529 3
225 538 3
225 540 3
225 550 3
225 562 3
225 566 3
225 568 3
225 573 3
225 576 3
225 583 3
225 590 3
225 597 3
225 636 3
225 669 3
225 670 3
225 675 3
225 678 3
225 679 3
225 686 3
225 690 3
225 748 1
225 750 3
225 751 3
225 759 3
225 823 3
225 825 3
225 831 3
225 841 3
225 853 3
225 877 3
225 879 3
225 895 3
225 912 3
225 943 3
225 976 3
226 23 3
226 50 3
226 98 3
226 99 3
226 133 3
226 134 3
226 135 3
226 168 3
226 174 3
226 178 3
226 182 3
226 185 3
226 191 3
226 196 3
226 197 3
226 199 3
226 200 3
226 204 3
226 208 4
226 211 3
226 318 3
226 418 3
226 427 3
226 428 3
226 430 3
226 432 3
226 435 3
226 474 3
226 478 3
226 480 3
226 483 3
226 486 3
226 488 3
226 490 3
226 491 3
226 492 3
226 493 3
226 494 3
226 504 3
226 505 3
226 510 3
226 511 3
226 524 3
226 525 3
226 526 3
226 601 3
226 603 3
226 605 3
226 606 3
226 607 3
226 608 3
226 610 3
226 613 3
226 614 3
226 616 3
226 631 3
226 633 3
226 646 3
226 648 3
226 651 3
226 653 3
226 654 3
226 655 3
226 657 3
226 673 3
226 705 3
226 754 3
226 835 3
226 836 3
226 848 3
227 245 4
227 258 3
227 263 3
227 286 3
227 292 3
227 300 3
227 302 4
227 303 3
227 304 3
227 319 3
227 332 4
227 341 4
227 359 3
227 680 3
227 681 3
227 682 3
227 688 3
227 874 3
228 243 3
228 259 3
228 268 3
228 271 3
228 272 3
228 286 3
228 289 3
228 294 3
228 300 3
228 301 3
228 305 3
228 307 4
228 312 3
228 313 3
228 322 3
228 323 3
228 326 3
228 329 3
228 332 3
228 334 3
228 338 3
228 344 3
228 350 3
228 538 4
228 690 3
228 750 3
228 875 3
228 877 3
228 879 3
228 886 4
228 896 3
228 908 3
228 988 3
229 1 3
229 2 3
229 3 3
229 4 3
229 7 3
229 8 3
229 12 3
229 15 3
229 21 3
229 22 3
229 23 3
229 24 3
229 26 3
229 28 3
229 31 3
229 32 3
229 45 3
229 47 3
229 48 3
229 50 3
229 52 3
229 53 3
229 55 3
229 56 3
229 58 3
229 62 3
229 63 3
229 64 3
229 66 3
229 68 3
229 69 3
229 70 3
229 72 3
229 73 3
229 77 3
229 79 3
229 81 3
229 82 3
229 83 3
229 85 3
229 86 3
229 87 3
229 88 3
229 89 3
229 90 3
229 91 3
229 92 3
229 93 3
229 95 3
229 96 3
229 97 3
229 101 3
229 109 3
229 114 3
229 117 3
229 118 3
229 123 3
229 124 3
229 127 3
229 128 3
229 132 3
229 133 3
229 134 3
229 137 3
229 140 3
229 141 3
229 143 3
229 144 3
229 150 3
229 151 3
229 153 3
229 154 3
229 157 3
229 159 3
229 161 3
229 162 3
229 163 3
229 164 3
229 165 3
229 166 3
229 168 3
229 170 3
229 172 3
229 174 3
229 178 3
229 179 3
229 181 3
229 183 3
229 184 3
229 185 3
229 186 3
229 188 3
229 190 3
229 191 3
229 193 3
229 195 3
229 197 3
229 201 3
229 202 3
229 203 3
229 207 3
229 208 3
229 209 3
229 210 3
229 211 3
229 214 3
229 216 3
229 218 3
229 219 3
229 223 3
229 225 3
229 229 3
229 232 3
229 233 3
229 237 3
229 238 3
229 248 3
229 249 3
229 250 3
229 258 3
229 264 3
229 265 3
229 273 3
229 274 3
229 275 3
229 276 3
229 277 3
229 280 3
229 281 3
229 282 3
229 283 3
229 288 3
229 290 3
229 291 3
229 298 3
229 301 3
229 318 3
229 319 3
229 321 3
229 340 3
229 356 3
229 365 3
229 366 3
229 367 3
229 371 3
229 378 3
229 385 3
229 387 3
229 392 3
229 393 3
229 403 3
229 404 3
229 405 3
229 410 3
229 411 3
229 415 3
229 418 3
229 419 3
229 423 3
229 427 4
229 428 3
229 431 3
229 432 3
229 433 3
229 435 3
229 436 3
229 441 3
229 448 3
229 455 3
229 457 3
229 464 3
229 466 3
229 467 3
229 468 4
229 470 3
229 473 3
229 475 3
229 480 3
229 481 3
229 482 3
229 483 3
229 484 3
229 485 3
229 491 3
229 493 3
229 495 3
229 496 3
229 499 3
229 500 3
229 502 3
229 504 3
229 505 3
229 508 3
229 511 3
229 514 3
229 520 3
229 527 3
229 531 3
229 535 3
229 537 3
229 546 3
229 549 3
229 550 3
2