401 2 3
401 4 4
401 8 4
401 9 4
401 11 4
401 17 3
401 20 3
401 23 4
401 26 4
401 27 3
401 31 4
401 32 4
401 36 3
401 37 2
401 39 3
401 42 3
401 46 4
401 47 3
401 48 4
401 50 5
401 51 3
401 53 3
401 56 4
401 57 4
401 58 4
401 59 4
401 61 4
401 62 3
401 64 5
401 68 3
401 69 4
401 70 4
401 71 4
401 76 4
401 77 4
401 79 4
401 81 4
401 82 4
401 86 4
401 87 4
401 89 4
401 92 4
401 93 3
401 95 4
401 97 4
401 98 4
401 99 4
401 100 4
401 117 4
401 118 3
401 121 4
401 123 3
401 124 4
401 127 4
401 128 3
401 129 4
401 137 4
401 144 4
401 145 2
401 146 3
401 148 3
401 150 4
401 156 4
401 157 4
401 160 4
401 164 4
401 171 4
401 172 4
401 173 4
401 174 5
401 175 4
401 176 4
401 179 4
401 180 4
401 181 4
401 184 3
401 185 4
401 187 4
401 188 4
401 190 4
401 191 4
401 192 4
401 193 4
401 196 4
401 197 4
401 198 4
401 200 4
401 202 4
401 203 4
401 204 4
401 206 3
401 207 4
401 209 4
401 210 4
401 212 3
401 213 4
401 215 4
401 216 4
401 218 4
401 221 4
401 222 4
401 223 4
401 226 4
401 227 3
401 228 4
401 230 4
401 231 3
401 233 3
401 234 4
401 238 4
401 240 3
401 241 4
401 242 4
401 258 4
401 260 2
401 265 4
401 268 4
401 269 4
401 271 3
401 272 4
401 273 4
401 275 4
401 276 4
401 281 3
401 282 4
401 285 4
401 286 4
401 288 3
401 289 3
401 292 3
401 302 4
401 303 3
401 304 3
401 313 4
401 315 4
401 317 4
401 318 5
401 319 3
401 321 4
401 324 3
401 325 3
401 331 3
401 332 3
401 333 3
401 334 3
401 340 3
401 346 3
401 357 4
401 358 3
401 370 2
401 375 3
401 379 3
401 380 4
401 381 4
401 385 4
401 387 4
401 396 3
401 402 4
401 403 4
401 405 3
401 406 2
401 408 4
401 423 4
401 425 4
401 431 4
401 432 4
401 435 4
401 436 4
401 438 1
401 443 4
401 447 4
401 448 3
401 452 3
401 454 2
401 455 3
401 461 4
401 462 4
401 464 5
401 466 4
401 467 4
401 468 4
401 469 4
401 473 3
401 475 4
401 480 4
401 482 4
401 483 5
401 505 4
401 509 4
401 511 4
401 514 4
401 515 4
401 521 4
401 527 4
401 531 4
401 537 4
401 544 3
401 546 3
401 551 3
401 556 3
401 558 4
401 559 3
401 563 2
401 567 2
401 568 4
401 581 4
401 587 3
401 588 4
401 589 4
401 591 4
401 596 3
401 607 3
401 631 3
401 636 3
401 637 4
401 642 4
401 644 4
401 649 4
401 651 4
401 654 4
401 655 4
401 656 4
401 658 4
401 660 4
401 665 3
401 667 4
401 670 4
401 672 3
401 673 4
401 676 4
401 679 3
401 682 3
401 684 4
401 685 3
401 686 4
401 693 4
401 695 3
401 699 4
401 708 4
401 715 3
401 729 4
401 733 4
401 747 4
401 750 4
401 751 3
401 767 1
401 772 3
401 774 3
401 777 3
401 789 4
401 803 3
401 823 3
401 825 3
401 844 3
401 847 4
401 853 5
401 855 4
401 856 3
401 886 3
401 895 3
401 896 2
401 919 4
401 923 5
401 943 3
401 950 3
401 955 4
401 956 3
401 962 1
401 972 4
401 979 3
401 980 3
401 991 1
402 50 4
402 100 4
402 117 4
402 181 4
402 257 4
402 271 3
402 276 4
402 288 3
402 294 3
402 321 3
402 332 3
402 471 4
402 475 4
402 815 3
402 890 3
403 268 4
403 286 4
403 292 4
403 297 4
403 300 4
403 302 4
403 304 4
403 310 4
403 315 4
403 321 3
403 482 4
403 748 3
403 874 3
403 880 3
404 242 4
404 262 3
404 272 4
404 288 3
404 294 3
404 300 4
404 302 4
404 308 4
404 309 2
404 313 4
404 340 4
404 346 3
404 360 3
404 362 2
404 678 2
404 683 3
404 690 3
404 691 3
404 748 3
404 750 4
404 873 1
404 889 4
404 896 2
404 903 2
404 904 5
404 990 3
405 4 4
405 5 3
405 8 4
405 9 4
405 11 4
405 12 4
405 13 4
405 14 4
405 15 4
405 22 4
405 25 4
405 28 4
405 33 4
405 38 3
405 42 4
405 53 3
405 55 4
405 56 4
405 58 4
405 59 4
405 60 4
405 64 5
405 68 3
405 69 4
405 70 4
405 79 4
405 82 4
405 87 4
405 88 4
405 96 4
405 98 4
405 100 4
405 107 4
405 111 4
405 117 4
405 121 4
405 125 4
405 131 3
405 133 4
405 134 4
405 137 4
405 143 4
405 144 4
405 150 4
405 153 4
405 154 4
405 156 4
405 158 3
405 160 3
405 161 4
405 170 4
405 171 4
405 174 4
405 179 4
405 180 4
405 181 4
405 182 4
405 183 4
405 185 4
405 186 4
405 187 4
405 188 4
405 192 4
405 194 4
405 196 4
405 197 4
405 202 4
405 203 4
405 204 4
405 205 3
405 210 4
405 216 4
405 223 4
405 224 5
405 233 4
405 237 4
405 239 4
405 241 3
405 242 4
405 245 3
405 248 3
405 255 3
405 258 4
405 265 4
405 269 4
405 273 4
405 276 4
405 282 4
405 284 3
405 286 4
405 291 3
405 293 4
405 294 3
405 298 3
405 302 4
405 313 4
405 316 4
405 317 4
405 318 4
405 319 3
405 322 3
405 328 3
405 357 4
405 367 3
405 410 3
405 411 3
405 414 4
405 423 4
405 433 4
405 435 4
405 458 3
405 461 4
405 468 4
405 470 3
405 471 4
405 476 3
405 483 5
405 509 4
405 514 4
405 520 4
405 521 4
405 526 4
405 527 4
405 529 4
405 531 4
405 535 3
405 540 3
405 546 3
405 554 3
405 562 3
405 566 4
405 568 4
405 576 3
405 580 4
405 591 4
405 609 4
405 628 3
405 631 3
405 655 4
405 660 4
405 684 4
405 696 3
405 712 3
405 716 3
405 722 3
405 742 4
405 748 3
405 754 4
405 756 3
405 787 3
405 810 4
405 826 3
405 827 3
405 841 2
405 845 4
405 849 2
405 864 3
405 866 4
405 871 3
405 875 3
405 978 2
405 986 2
405 993 3
405 997 2
406 56 4
406 70 3
406 97 4
406 194 4
406 202 4
406 204 4
406 216 4
406 310 4
406 662 4
406 663 4
406 996 2
407 1 4
407 9 4
407 14 4
407 50 4
407 271 3
407 286 4
408 4 4
408 15 4
408 23 4
408 40 3
408 44 4
408 49 3
408 50 5
408 56 4
408 58 4
408 65 4
408 72 3
408 73 3
408 88 4
408 94 3
408 96 4
408 99 4
408 105 2
408 127 4
408 134 4
408 135 4
408 152 3
408 154 4
408 160 4
408 161 4
408 167 3
408 172 4
408 179 4
408 180 4
408 182 4
408 185 4
408 186 4
408 187 4
408 188 4
408 195 4
408 197 4
408 200 4
408 204 4
408 208 4
408 210 4
408 211 4
408 219 3
408 230 4
408 235 3
408 238 4
408 255 4
408 257 4
408 274 3
408 276 4
408 290 3
408 300 4
408 301 3
408 315 4
408 327 3
408 357 4
408 380 4
408 393 4
408 404 4
408 411 3
408 419 4
408 423 4
408 435 4
408 443 4
408 447 4
408 451 4
408 465 3
408 482 4
408 483 5
408 501 4
408 502 4
408 514 4
408 517 4
408 527 4
408 629 4
408 631 3
408 654 4
408 657 4
408 662 4
408 679 3
408 684 4
408 708 4
408 722 3
408 735 4
408 755 4
408 763 3
408 792 4
408 821 3
408 832 3
408 864 3
408 926 2
408 953 4
408 956 3
409 127 4
409 257 4
409 275 4
409 303 4
409 310 3
409 423 4
409 491 4
409 678 3
409 687 2
410 87 4
410 382 4
410 511 4
410 631 3
410 735 4
411 1 4
411 2 3
411 8 4
411 11 4
411 13 4
411 24 3
411 25 4
411 31 4
411 48 4
411 50 4
411 55 4
411 56 4
411 69 4
411 79 4
411 97 4
411 118 3
411 121 4
411 127 4
411 132 4
411 133 4
411 144 4
411 151 4
411 156 4
411 164 4
411 170 4
411 172 4
411 174 4
411 175 4
411 176 4
411 180 4
411 181 4
411 185 4
411 187 4
411 192 4
411 193 4
411 200 4
411 204 4
411 213 4
411 214 3
411 218 4
411 222 4
411 229 3
411 234 4
411 235 3
411 238 4
411 252 3
411 257 4
411 273 4
411 274 4
411 281 3
411 286 4
411 318 4
411 393 4
411 405 3
411 432 4
411 447 4
411 458 3
411 463 4
411 471 4
411 474 4
411 475 4
411 479 4
411 502 4
411 504 4
411 509 4
411 511 4
411 515 4
411 521 4
411 568 4
411 582 4
411 591 4
411 597 3
411 603 4
411 609 4
411 628 4
411 655 4
411 678 3
411 684 4
411 685 4
411 690 3
411 692 4
411 715 3
411 735 4
411 756 3
411 841 2
411 942 4
411 985 3
412 7 4
412 12 4
412 20 3
412 22 4
412 24 3
412 32 4
412 39 3
412 42 4
412 45 4
412 50 4
412 89 4
412 92 4
412 93 3
412 98 4
412 100 4
412 117 4
412 121 4
412 127 4
412 131 4
412 132 4
412 134 4
412 135 4
412 137 4
412 151 4
412 154 4
412 156 4
412 169 4
412 171 4
412 172 4
412 173 4
412 174 4
412 175 4
412 179 4
412 180 4
412 181 4
412 185 4
412 195 4
412 196 4
412 208 4
412 213 4
412 216 4
412 221 3
412 223 4
412 236 3
412 246 4
412 248 4
412 249 3
412 257 4
412 268 4
412 285 4
412 288 3
412 294 3
412 298 3
412 302 4
412 307 3
412 313 4
412 318 4
412 319 3
412 324 3
412 325 3
412 327 3
412 334 3
412 340 3
412 346 4
412 408 4
412 427 4
412 461 4
412 462 4
412 475 4
412 478 4
412 482 4
412 483 5
412 496 4
412 508 4
412 509 4
412 512 4
412 516 4
412 522 4
412 527 4
412 568 4
412 603 4
412 608 4
412 650 4
412 652 4
412 705 4
412 708 4
412 752 3
412 856 4
412 872 2
412 952 3
413 8 4
413 11 4
413 15 4
413 22 4
413 23 4
413 28 4
413 50 5
413 56 4
413 64 5
413 70 4
413 87 4
413 89 4
413 98 4
413 99 4
413 127 4
413 132 4
413 144 4
413 151 3
413 157 4
413 164 4
413 174 5
413 179 4
413 182 4
413 185 4
413 186 4
413 191 4
413 194 4
413 195 4
413 196 4
413 202 4
413 203 4
413 204 4
413 205 4
413 210 4
413 211 4
413 212 3
413 215 4
413 216 4
413 218 4
413 226 3
413 227 3
413 228 4
413 230 4
413 234 4
413 238 4
413 239 4
413 258 4
413 270 4
413 272 4
413 313 4
413 354 3
413 357 4
413 380 4
413 421 4
413 423 4
413 432 4
413 433 4
413 434 4
413 451 4
413 474 4
413 480 4
413 483 5
413 496 4
413 523 4
413 552 4
413 636 3
414 4 4
414 7 4
414 9 4
414 11 4
414 12 4
414 28 4
414 42 4
414 50 4
414 56 4
414 58 4
414 64 5
414 66 4
414 67 3
414 69 4
414 72 3
414 79 4
414 91 3
414 93 4
414 95 4
414 98 4
414 100 4
414 122 2
414 143 4
414 144 4
414 153 4
414 156 4
414 169 5
414 174 4
414 182 4
414 184 3
414 188 4
414 196 4
414 200 4
414 202 4
414 204 4
414 215 4
414 221 4
414 226 3
414 228 4
414 231 3
414 234 4
414 237 4
414 238 4
414 249 3
414 257 4
414 274 4
414 280 3
414 282 4
414 286 4
414 298 4
414 318 4
414 356 3
414 357 4
414 364 2
414 367 3
414 396 3
414 402 4
414 403 4
414 408 5
414 412 2
414 421 4
414 423 4
414 466 4
414 475 4
414 498 4
414 531 4
414 569 3
414 577 3
414 628 4
414 651 4
414 652 4
414 655 4
414 658 4
414 673 4
414 693 4
414 697 4
414 735 4
414 747 4
414 763 3
414 764 3
414 789 4
414 790 3
414 824 3
414 943 3
415 2 3
415 7 4
415 22 4
415 27 3
415 29 3
415 33 4
415 38 3
415 50 4
415 62 3
415 79 4
415 117 4
415 118 3
415 121 4
415 144 4
415 147 3
415 172 4
415 174 5
415 181 4
415 183 4
415 185 4
415 210 4
415 222 4
415 231 3
415 233 3
415 258 4
415 281 3
415 300 4
415 363 3
415 373 3
415 391 3
415 403 4
415 472 3
415 540 2
415 541 3
415 550 4
415 562 3
415 566 4
415 576 3
415 578 4
415 586 3
415 597 3
415 665 3
415 679 3
415 685 4
415 779 3
416 4 4
416 8 4
416 33 4
416 39 3
416 47 4
416 55 4
416 168 4
416 186 4
416 203 4
416 209 4
416 265 4
416 273 4
416 294 3
416 410 3
416 430 4
416 504 4
416 516 4
416 591 4
416 654 4
416 659 4
416 762 3
417 13 3
417 215 4
417 223 4
417 258 4
417 269 4
418 3 3
418 4 4
418 7 4
418 17 3
418 23 4
418 29 3
418 32 4
418 39 3
418 48 4
418 50 4
418 53 3
418 55 4
418 59 4
418 69 4
418 79 4
418 92 4
418 94 3
418 96 4
418 100 4
418 108 3
418 109 3
418 118 3
418 121 4
418 128 3
418 129 4
418 150 4
418 151 4
418 154 4
418 156 4
418 161 4
418 172 4
418 173 4
418 174 4
418 178 5
418 181 4
418 184 3
418 204 4
418 215 4
418 227 3
418 230 3
418 231 3
418 240 3
418 250 3
418 257 4
418 258 4
418 259 2
418 265 4
418 272 4
418 282 4
418 286 4
418 298 4
418 318 4
418 327 3
418 346 4
418 358 3
418 384 3
418 386 3
418 402 4
418 403 3
418 405 3
418 407 3
418 461 4
418 467 4
418 468 4
418 469 4
418 470 3
418 475 4
418 476 3
418 485 4
418 496 4
418 508 4
418 566 4
418 568 4
418 576 3
418 578 3
418 588 4
418 623 3
418 651 4
418 684 4
418 695 3
418 721 3
418 732 4
418 762 3
418 780 3
418 789 4
418 809 3
418 895 3
418 940 2
418 943 3
419 1 4
419 2 3
419 4 4
419 7 4
419 8 4
419 9 4
419 11 4
419 12 4
419 15 4
419 22 4
419 24 3
419 25 3
419 26 4
419 28 4
419 29 3
419 31 4
419 40 3
419 41 3
419 44 4
419 49 3
419 51 4
419 53 3
419 56 4
419 58 4
419 62 3
419 63 3
419 66 4
419 68 3
419 69 4
419 70 4
419 71 4
419 73 3
419 77 4
419 78 3
419 79 4
419 80 3
419 81 4
419 82 4
419 87 4
419 88 4
419 89 4
419 92 4
419 93 4
419 94 3
419 95 4
419 96 4
419 97 4
419 99 4
419 106 3
419 109 3
419 111 4
419 117 4
419 118 3
419 120 2
419 121 4
419 125 4
419 127 4
419 132 4
419 135 4
419 140 3
419 142 3
419 144 4
419 145 2
419 148 3
419 151 4
419 153 4
419 154 4
419 155 3
419 156 4
419 157 4
419 158 3
419 159 3
419 160 4
419 161 4
419 164 4
419 168 4
419 172 4
419 175 4
419 176 4
419 180 4
419 181 4
419 182 4
419 183 4
419 185 4
419 195 4
419 196 4
419 202 4
419 204 4
419 208 4
419 209 4
419 210 4
419 214 3
419 215 4
419 216 4
419 217 3
419 218 4
419 219 3
419 222 4
419 225 3
419 226 3
419 227 3
419 228 4
419 229 3
419 232 3
419 233 3
419 234 4
419 237 4
419 238 4
419 239 4
419 240 3
419 246 4
419 247 3
419 250 4
419 252 3
419 255 4
419 257 4
419 261 2
419 268 4
419 271 3
419 276 4
419 280 3
419 281 3
419 282 4
419 284 3
419 293 4
419 294 3
419 298 4
419 300 4
419 302 4
419 313 4
419 318 4
419 323 3
419 326 3
419 328 3
419 338 3
419 356 3
419 357 4
419 363 3
419 364 2
419 365 3
419 366 4
419 367 3
419 368 2
419 373 3
419 375 3
419 377 1
419 378 4
419 379 3
419 385 4
419 386 3
419 388 3
419 391 3
419 392 3
419 393 4
419 395 2
419 396 3
419 399 3
419 401 3
419 402 4
419 403 4
419 407 2
419 409 3
419 411 3
419 413 2
419 418 4
419 419 4
419 424 1
419 426 4
419 432 3
419 433 4
419 448 3
419 449 3
419 450 2
419 451 4
419 452 3
419 455 3
419 468 4
419 470 3
419 471 4
419 473 3
419 475 4
419 476 3
419 477 3
419 501 4
419 521 4
419 527 4
419 529 4
419 537 4
419 540 2
419 541 3
419 546 3
419 549 4
419 550 4
419 552 4
419 554 3
419 559 3
419 568 4
419 569 3
419 571 2
419 575 3
419 576 3
419 578 3
419 580 4
419 585 4
419 591 4
419 619 3
419 620 3
419 623 3
419 627 3
419 636 3
419 642 4
419 651 4
419 654 4
419 658 4
419 662 4
419 665 3
419 670 4
419 672 3
419 678 3
419 679 3
419 689 3
419 693 4
419 700 2
419 710 3
419 712 3
419 716 4
419 717 3
419 719 2
419 723 4
419 724 4
419 729 4
419 732 3
419 735 4
419 739 4
419 742 4
419 746 4
419 747 4
419 750 4
419 755 4
419 756 3
419 763 3
419 768 2
419 769 2
419 772 4
419 780 3
419 781 4
419 783 3
419 796 3
419 806 4
419 810 3
419 812 2
419 815 3
419 816 3
419 819 2
419 825 3
419 826 3
419 829 3
419 833 3
419 840 2
419 845 4
419 849 3
419 869 3
419 895 3
419 929 3
419 931 2
419 934 3
419 939 4
419 941 2
419 944 3
419 946 3
419 949 3
419 972 4
420 1 4
420 8 4
420 22 4
420 25 4
420 69 4
420 95 4
420 111 3
420 117 4
420 120 2
420 125 4
420 143 4
420 216 4
420 225 3
420 237 4
420 243 2
420 248 3
420 249 4
420 252 3
420 255 3
420 258 4
420 274 3
420 276 4
420 284 3
420 295 4
420 300 4
420 309 2
420 318 4
420 321 3
420 322 3
420 323 3
420 328 4
420 332 3
420 333 4
420 339 3
420 369 3
420 411 3
420 470 3
420 476 3
420 535 4
420 619 4
420 620 3
420 682 3
420 717 3
420 742 4
420 749 3
420 756 3
420 820 2
420 845 3
420 846 3
420 866 4
420 908 1
420 926 3
420 929 3
420 930 3
420 969 3
420 974 3
420 977 3
420 993 3
421 15 4
421 20 4
421 22 4
421 26 4
421 28 4
421 29 3
421 43 3
421 69 4
421 70 4
421 77 4
421 86 4
421 92 4
421 135 4
421 148 3
421 149 3
421 157 4
421 178 4
421 193 4
421 196 4
421 212 3
421 215 4
421 221 4
421 223 5
421 239 4
421 243 2
421 245 3
421 258 4
421 277 3
421 282 4
421 284 3
421 286 4
421 287 3
421 294 3
421 300 4
421 313 4
421 318 5
421 321 3
421 322 3
421 323 3
421 325 3
421 326 3
421 328 3
421 332 3
421 333 3
421 349 2
421 356 3
421 366 4
421 380 4
421 387 3
421 392 4
421 403 3
421 423 4
421 469 4
421 470 4
421 518 4
421 528 4
421 549 4
421 553 3
421 556 3
421 569 3
421 581 4
421 582 4
421 583 3
421 620 3
421 632 4
421 655 4
421 658 4
421 676 3
421 678 3
421 687 2
421 689 3
421 699 4
421 704 3
421 708 4
421 715 3
421 723 4
421 724 4
421 727 4
421 736 4
421 744 3
421 748 3
421 751 3
421 846 3
421 879 3
421 949 4
421 977 2
421 980 2
422 14 4
422 24 3
422 25 4
422 28 4
422 69 4
422 89 4
422 97 4
422 98 4
422 182 4
422 236 3
422 242 4
422 250 3
422 275 4
422 283 4
422 408 4
422 480 4
422 507 4
422 508 4
422 509 4
422 513 4
422 527 4
423 7 4
423 13 4
423 25 4
423 50 4
423 93 4
423 106 3
423 116 4
423 117 4
423 126 4
423 127 4
423 129 4
423 137 4
423 221 4
423 240 3
423 250 3
423 285 4
423 293 4
423 294 3
423 295 3
423 475 4
423 934 3
424 258 4
424 272 4
424 288 3
424 300 4
424 750 4
424 937 4
425 1 4
425 7 4
425 8 4
425 11 4
425 22 4
425 25 3
425 28 4
425 50 4
425 51 3
425 71 4
425 79 4
425 82 4
425 91 3
425 95 4
425 96 4
425 97 4
425 100 4
425 121 4
425 125 4
425 132 4
425 134 4
425 135 4
425 138 1
425 140 3
425 141 4
425 142 3
425 144 4
425 153 4
425 154 4
425 161 4
425 162 4
425 168 4
425 176 4
425 181 4
425 186 4
425 196 4
425 199 4
425 204 4
425 205 3
425 209 4
425 210 4
425 211 4
425 214 3
425 216 4
425 223 4
425 228 4
425 234 4
425 237 4
425 238 4
425 240 2
425 265 4
425 266 3
425 276 4
425 280 3
425 291 3
425 294 3
425 304 4
425 357 4
425 385 4
425 393 4
425 402 4
425 405 3
425 418 4
425 419 4
425 427 4
425 431 3
425 432 4
425 435 4
425 443 4
425 451 4
425 485 4
425 491 4
425 496 4
425 498 4
425 501 4
425 511 4
425 526 4
425 568 4
425 570 4
425 582 4
425 588 4
425 607 3
425 609 4
425 621 4
425 622 4
425 628 4
425 633 4
425 650 4
425 673 4
425 739 4
425 742 4
425 926 2
425 951 3
425 963 5
426 1 4
426 22 4
426 32 4
426 48 4
426 52 4
426 56 4
426 64 5
426 69 4
426 76 4
426 81 4
426 91 3
426 96 4
426 98 4
426 100 4
426 117 4
426 127 4
426 132 4
426 166 4
426 170 4
426 175 4
426 181 4
426 194 4
426 197 4
426 202 4
426 204 4
426 209 4
426 215 4
426 246 4
426 269 4
426 270 4
426 272 4
426 275 4
426 276 4
426 289 3
426 302 4
426 315 4
426 419 4
426 423 4
426 462 4
426 471 4
426 474 4
426 483 5
426 493 5
426 498 4
426 515 4
426 523 4
426 582 4
426 589 4
426 603 4
426 630 3
426 655 4
426 690 3
426 708 3
426 750 4
426 900 4
426 919 4
426 921 4
427 8 4
427 12 4
427 14 4
427 23 4
427 31 4
427 47 3
427 48 4
427 50 4
427 57 4
427 58 4
427 71 4
427 82 4
427 91 3
427 95 4
427 97 4
427 98 4
427 117 4
427 121 4
427 127 4
427 129 4
427 133 4
427 143 4
427 168 4
427 174 4
427 192 4
427 193 4
427 194 4
427 196 4
427 202 4
427 203 4
427 205 3
427 208 4
427 212 3
427 216 4
427 223 4
427 234 4
427 249 3
427 257 4
427 261 2
427 269 4
427 286 4
427 313 4
427 357 4
427 371 3
427 375 4
427 378 4
427 381 4
427 418 4
427 423 4
427 435 4
427 478 4
427 482 4
427 483 5
427 492 4
427 495 4
427 498 4
427 499 4
427 506 4
427 511 4
427 515 4
427 521 4
427 527 4
427 568 4
427 584 3
427 588 4
427 603 4
427 614 4
427 623 3
427 633 4
427 640 3
427 644 4
427 654 4
427 735 4
427 828 2
427 923 4
428 1 4
428 4 4
428 5 3
428 7 4
428 8 4
428 9 4
428 10 4
428 11 4
428 12 4
428 13 4
428 14 4
428 15 4
428 16 4
428 20 4
428 21 2
428 22 4
428 23 4
428 25 3
428 28 4
428 30 4
428 32 4
428 40 3
428 44 4
428 45 4
428 47 3
428 48 4
428 50 5
428 54 3
428 56 4
428 64 5
428 66 4
428 69 4
428 70 4
428 72 3
428 73 3
428 76 4
428 77 3
428 79 4
428 81 4
428 85 3
428 87 4
428 88 4
428 91 3
428 95 4
428 96 4
428 97 4
428 98 4
428 99 4
428 100 4
428 102 3
428 111 4
428 116 4
428 117 4
428 124 4
428 125 4
428 130 2
428 132 4
428 134 4
428 135 4
428 136 4
428 137 4
428 140 3
428 141 4
428 142 3
428 143 4
428 147 4
428 151 4
428 153 4
428 154 4
428 156 4
428 157 4
428 161 4
428 163 4
428 164 4
428 166 4
428 168 4
428 170 4
428 172 4
428 173 4
428 174 5
428 175 4
428 177 4
428 178 4
428 179 4
428 180 4
428 181 4
428 182 4
428 185 4
428 186 4
428 187 4
428 188 4
428 191 4
428 192 4
428 193 4
428 194 4
428 195 4
428 196 4
428 197 4
428 198 4
428 202 4
428 204 4
428 205 3
428 206 3
428 207 4
428 208 4
428 209 4
428 210 4
428 211 4
428 212 3
428 213 4
428 216 4
428 218 4
428 219 2
428 221 4
428 222 4
428 223 4
428 226 3
428 228 4
428 229 3
428 233 4
428 234 4
428 236 4
428 237 4
428 238 4
428 241 4
428 242 4
428 243 2
428 259 2
428 265 4
428 273 3
428 274 4
428 276 4
428 277 4
428 279 4
428 283 4
428 284 3
428 285 5
428 286 4
428 287 4
428 288 3
428 289 3
428 290 3
428 291 3
428 292 4
428 294 3
428 300 4
428 301 3
428 307 4
428 313 4
428 316 4
428 317 4
428 318 4
428 319 3
428 321 3
428 322 3
428 328 3
428 329 3
428 357 4
428 358 3
428 381 4
428 389 4
428 393 4
428 401 3
428 403 4
428 404 4
428 412 2
428 414 4
428 416 4
428 417 3
428 418 4
428 419 4
428 421 4
428 423 4
428 427 4
428 428 4
428 429 4
428 430 4
428 431 3
428 432 4
428 433 4
428 434 4
428 436 4
428 443 4
428 445 3
428 448 3
428 451 4
428 462 4
428 463 4
428 466 4
428 470 3
428 471 4
428 472 3
428 474 4
428 477 3
428 478 4
428 479 4
428 480 4
428 482 4
428 483 5
428 484 4
428 485 4
428 486 4
428 487 4
428 488 4
428 489 4
428 490 5
428 491 4
428 492 4
428 493 5
428 496 4
428 497 4
428 498 4
428 499 4
428 500 4
428 501 4
428 502 4
428 504 4
428 505 4
428 506 4
428 507 4
428 510 4
428 511 4
428 515 4
428 516 4
428 517 4
428 520 4
428 521 4
428 523 4
428 524 4
428 525 4
428 526 4
428 528 4
428 530 4
428 531 4
428 546 3
428 549 4
428 550 4
428 552 3
428 557 4
428 558 3
428 566 4
428 571 2
428 582 4
428 584 3
428 588 4
428 589 4
428 591 4
428 596 3
428 601 4
428 602 4
428 603 4
428 604 4
428 605 3
428 606 4
428 607 3
428 608 5
428 609 4
428 610 4
428 612 4
428 613 4
428 614 4
428 616 4
428 617 4
428 618 3
428 619 4
428 625 3
428 626 5
428 630 3
428 632 4
428 634 4
428 636 3
428 638 4
428 642 4
428 646 4
428 647 4
428 648 4
428 649 4
428 650 4
428 651 4
428 653 4
428 654 4
428 660 4
428 663 4
428 671 4
428 673 4
428 675 4
428 692 4
428 693 4
428 705 4
428 709 4
428 712 3
428 727 4
428 731 3
428 732 3
428 735 4
428 739 4
428 745 4
428 746 4
428 747 4
428 751 3
428 765 3
428 770 4
428 781 4
428 782 3
428 785 3
428 806 4
428 808 3
428 836 4
428 842 3
428 844 2
428 845 4
428 847 4
428 848 5
428 850 4
428 855 4
428 863 4
428 867 5
428 872 2
428 873 2
428 874 3
428 878 2
428 887 4
428 921 4
428 923 4
428 927 3
428 928 3
428 929 4
428 942 4
428 950 3
428 951 3
428 956 4
428 959 4
428 963 4
428 965 4
428 966 4
428 970 3
428 980 4
429 1 4
429 7 4
429 22 4
429 50 4
429 52 4
429 65 4
429 69 4
429 79 4
429 83 4
429 85 4
429 100 5
429 153 4
429 174 5
429 175 4
429 179 4
429 181 4
429 188 4
429 190 4
429 191 4
429 193 4
429 194 4
429 195 4
429 197 4
429 198 4
429 207 4
429 211 4
429 230 3
429 237 4
429 269 4
429 275 4
429 292 4
429 318 4
429 319 3
429 338 2
429 346 4
429 419 4
429 431 4
429 462 4
429 480 4
429 483 5
429 494 4
429 496 4
429 512 4
429 520 4
429 522 4
429 523 4
429 603 4
429 647 4
429 648 4
429 652 4
429 655 4
429 684 4
429 701 3
429 792 4
429 898 2
429 923 4
430 9 4
430 15 4
430 50 4
430 51 3
430 57 4
430 58 4
430 64 5
430 66 4
430 69 4
430 88 4
430 97 4
430 98 4
430 100 4
430 111 4
430 117 4
430 132 4
430 133 4
430 134 4
430 148 3
430 151 4
430 153 4
430 170 4
430 174 4
430 179 4
430 181 4
430 183 4
430 185 4
430 191 4
430 194 4
430 195 4
430 196 4
430 199 4
430 200 4
430 203 4
430 204 4
430 207 4
430 210 4
430 211 4
430 216 4
430 222 4
430 223 4
430 225 3
430 237 4
430 255 3
430 265 4
430 274 3
430 275 4
430 286 4
430 289 3
430 298 3
430 307 3
430 313 4
430 328 3
430 370 2
430 423 4
430 429 4
430 435 4
430 443 4
430 476 2
430 478 4
430 483 5
430 496 4
430 504 4
430 505 4
430 506 4
430 507 4
430 523 4
430 532 4
430 546 3
430 549 4
430 591 4
430 596 3
430 614 4
430 632 4
430 659 4
430 673 4
430 685 3
430 686 4
430 699 4
430 705 4
430 729 4
430 735 4
430 750 4
430 864 2
430 934 3
431 9 4
431 23 4
431 28 4
431 58 4
431 127 4
431 153 4
431 174 5
431 176 4
431 180 4
431 185 4
431 187 4
431 197 4
431 199 4
431 357 4
431 423 4
431 479 4
431 489 4
431 494 4
431 498 4
431 499 4
431 513 4
431 528 4
431 656 4
431 659 4
432 8 4
432 9 4
432 42 4
432 45 4
432 46 4
432 47 3
432 50 4
432 56 4
432 64 5
432 65 4
432 69 4
432 79 4
432 81 4
432 89 4
432 91 3
432 96 4
432 98 4
432 114 5
432 124 4
432 132 4
432 137 4
432 152 4
432 162 4
432 168 4
432 171 4
432 172 4
432 174 5
432 175 4
432 180 4
432 181 4
432 185 4
432 187 4
432 194 4
432 195 4
432 205 4
432 207 4
432 208 4
432 209 4
432 210 4
432 221 4
432 228 4
432 234 4
432 238 4
432 268 4
432 272 4
432 286 4
432 288 4
432 300 4
432 305 5
432 312 3
432 318 4
432 340 4
432 421 4
432 427 4
432 428 4
432 430 4
432 432 4
432 434 4
432 443 4
432 462 4
432 474 4
432 475 4
432 478 4
432 482 4
432 484 4
432 488 4
432 489 4
432 492 4
432 493 5
432 497 4
432 498 4
432 499 4
432 504 4
432 508 4
432 511 4
432 513 4
432 514 4
432 516 4
432 518 4
432 529 4
432 530 4
432 558 3
432 603 4
432 605 3
432 612 4
432 632 4
432 634 4
432 647 4
432 650 4
432 652 4
432 654 4
432 659 4
432 663 4
432 671 4
432 675 4
432 690 3
432 701 4
432 705 4
432 736 4
432 745 5
432 753 4
432 855 4
432 921 4
432 923 4
432 954 3
432 961 4
433 13 4
433 14 4
433 16 4
433 28 4
433 83 4
433 111 4
433 116 4
433 127 4
433 129 3
433 137 4
433 151 4
433 157 4
433 191 4
433 194 4
433 196 4
433 208 4
433 215 4
433 223 4
433 225 3
433 268 4
433 283 4
433 285 5
433 286 4
433 317 4
433 387 3
433 423 4
433 435 4
433 461 4
433 468 4
433 477 3
433 511 4
433 514 4
433 582 4
433 632 4
433 655 4
433 660 4
433 694 4
433 708 4
433 732 3
433 736 4
433 737 3
433 778 3
433 813 4
434 1 4
434 3 3
434 7 4
434 9 4
434 13 4
434 20 3
434 22 4
434 26 4
434 31 4
434 32 4
434 40 3
434 42 4
434 50 5
434 51 4
434 52 4
434 53 3
434 54 3
434 64 5
434 66 4
434 68 3
434 69 4
434 72 3
434 77 3
434 80 3
434 82 4
434 86 4
434 89 4
434 90 3
434 92 4
434 97 4
434 100 4
434 101 3
434 105 2
434 114 5
434 117 4
434 118 3
434 126 4
434 135 4
434 144 4
434 145 2
434 148 3
434 151 4
434 153 4
434 154 4
434 155 3
434 156 4
434 157 4
434 158 4
434 162 4
434 164 4
434 167 3
434 168 4
434 169 5
434 172 4
434 173 4
434 174 5
434 179 4
434 180 4
434 181 4
434 183 4
434 186 4
434 191 4
434 196 4
434 197 4
434 200 4
434 204 4
434 208 4
434 209 4
434 214 4
434 215 4
434 216 4
434 220 3
434 222 4
434 226 3
434 232 3
434 235 3
434 237 4
434 238 4
434 240 3
434 241 3
434 246 4
434 249 3
434 255 4
434 258 4
434 265 4
434 268 4
434 278 3
434 281 3
434 287 4
434 290 3
434 294 3
434 301 3
434 310 4
434 324 3
434 357 4
434 365 3
434 367 3
434 380 4
434 381 4
434 393 4
434 401 3
434 409 3
434 410 3
434 411 3
434 428 4
434 433 4
434 451 4
434 456 2
434 458 3
434 468 4
434 471 4
434 508 3
434 509 4
434 521 3
434 527 4
434 537 4
434 553 3
434 554 3
434 559 3
434 566 4
434 581 4
434 584 4
434 596 3
434 609 4
434 629 4
434 631 3
434 652 4
434 655 4
434 660 4
434 662 4
434 673 4
434 676 3
434 685 4
434 697 4
434 707 4
434 708 3
434 710 3
434 716 4
434 721 3
434 723 3
434 724 4
434 732 4
434 738 3
434 739 3
434 743 2
434 746 4
434 747 4
434 754 4
434 756 3
434 762 3
434 763 3
434 764 3
434 772 3
434 780 3
434 790 3
434 815 3
434 818 2
434 833 3
434 856 4
434 866 3
434 871 3
434 886 4
434 926 2
434 941 2
434 946 3
434 950 2
434 953 3
434 955 4
435 1 4
435 3 3
435 8 4
435 11 4
435 12 4
435 17 3
435 24 3
435 25 3
435 29 3
435 38 3
435 41 2
435 55 4
435 67 3
435 68 3
435 69 4
435 77 4
435 81 4
435 82 4
435 83 4
435 92 4
435 94 3
435 95 4
435 96 4
435 97 4
435 98 4
435 99 4
435 100 4
435 101 3
435 109 3
435 117 4
435 118 3
435 121 4
435 132 4
435 138 1
435 145 2
435 151 4
435 161 4
435 172 4
435 173 4
435 174 5
435 176 4
435 178 4
435 184 3
435 185 4
435 195 4
435 196 4
435 198 4
435 201 3
435 202 4
435 204 4
435 210 4
435 211 4
435 216 4
435 219 3
435 223 5
435 227 3
435 231 3
435 232 3
435 235 2
435 236 3
435 238 4
435 239 4
435 250 3
435 254 2
435 260 2
435 265 4
435 284 3
435 288 3
435 294 3
435 356 4
435 393 4
435 401 3
435 402 4
435 403 4
435 404 4
435 406 2
435 409 3
435 410 3
435 411 3
435 412 2
435 413 2
435 416 4
435 420 4
435 425 4
435 426 4
435 431 4
435 432 3
435 444 3
435 451 4
435 470 3
435 475 4
435 541 3
435 550 4
435 559 3
435 561 2
435 567 2
435 568 4
435 570 4
435 572 3
435 576 3
435 578 3
435 585 4
435 628 4
435 633 4
435 652 4
435 665 3
435 672 3
435 675 4
435 720 3
435 721 3
435 724 4
435 728 3
435 741 4
435 743 2
435 746 4
435 748 3
435 758 1
435 790 3
435 802 3
435 809 3
435 816 3
435 831 2
435 840 3
435 841 2
435 853 5
435 895 3
435 919 4
435 930 2
435 932 2
435 981 2
435 993 3
436 7 4
436 11 4
436 50 4
436 55 4
436 64 5
436 69 4
436 96 4
436 98 4
436 114 5
436 127 4
436 153 4
436 156 4
436 172 4
436 174 5
436 179 4
436 186 4
436 194 4
436 196 4
436 234 4
436 235 3
436 249 3
436 257 4
436 282 4
436 283 4
436 324 3
436 405 3
436 475 4
436 484 4
436 515 4
436 589 4
436 678 3
437 1 4
437 2 3
437 4 4
437 7 4
437 9 4
437 11 4
437 12 4
437 13 4
437 22 4
437 24 3
437 28 4
437 31 4
437 39 3
437 42 4
437 56 4
437 58 4
437 68 3
437 79 4
437 83 4
437 86 4
437 88 4
437 89 4
437 98 4
437 100 4
437 108 3
437 114 5
437 117 4
437 121 4
437 124 4
437 125 4
437 137 4
437 144 4
437 148 3
437 161 4
437 168 4
437 169 4
437 172 4
437 174 4
437 175 4
437 176 4
437 179 4
437 181 4
437 182 4
437 183 4
437 186 4
437 188 4
437 198 4
437 202 4
437 203 4
437 209 4
437 210 4
437 212 3
437 216 4
437 218 4
437 222 4
437 228 4
437 240 3
437 241 3
437 242 4
437 245 3
437 248 4
437 249 3
437 250 3
437 252 3
437 255 3
437 257 4
437 271 3
437 273 4
437 275 4
437 283 4
437 290 3
437 294 3
437 298 4
437 300 4
437 309 2
437 317 4
437 327 3
437 333 3
437 357 4
437 407 2
437 409 3
437 421 4
437 431 3
437 455 3
437 456 2
437 462 4
437 469 4
437 471 4
437 472 3
437 476 3
437 478 4
437 479 4
437 480 4
437 483 5
437 546 3
437 568 4
437 583 3
437 588 4
437 591 4
437 597 3
437 634 4
437 684 4
437 686 4
437 723 4
437 741 3
437 742 4
437 746 4
437 748 3
437 789 4
437 806 4
437 826 3
437 919 4
437 930 3
437 993 3
438 1 4
438 2 3
438 12 4
438 23 4
438 28 4
438 44 4
438 50 4
438 55 4
438 64 5
438 89 4
438 92 4
438 95 4
438 96 4
438 98 4
438 100 4
438 111 4
438 116 4
438 117 4
438 123 3
438 127 4
438 129 3
438 135 4
438 151 4
438 153 4
438 175 4
438 179 4
438 181 4
438 184 3
438 191 4
438 195 4
438 196 4
438 204 4
438 222 4
438 223 4
438 234 4
438 238 4
438 244 4
438 248 4
438 260 2
438 264 3
438 270 4
438 271 3
438 288 3
438 293 4
438 294 3
438 313 4
438 321 3
438 322 3
438 324 3
438 325 3
438 338 2
438 340 4
438 367 3
438 378 4
438 404 4
438 418 4
438 458 3
438 480 4
438 485 4
438 496 4
438 501 4
438 527 4
438 558 4
438 596 3
438 628 4
438 676 4
438 678 3
438 687 2
438 688 2
438 742 4
438 748 3
438 751 3
438 754 3
438 844 3
438 933 2
438 943 3
438 948 2
438 969 3
438 988 2
438 993 3
439 15 4
439 22 4
439 24 3
439 45 4
439 55 4
439 60 4
439 64 5
439 100 4
439 109 3
439 111 4
439 117 4
439 121 4
439 132 4
439 144 4
439 147 3
439 148 3
439 181 4
439 183 4
439 210 4
439 237 4
439 248 4
439 249 3
439 250 3
439 252 3
439 258 4
439 281 3
439 300 4
439 313 4
439 405 3
439 427 4
439 429 4
439 471 4
439 472 3
439 520 4
439 535 3
439 596 3
439 612 4
439 748 3
439 813 4
439 866 3
439 978 2
440 12 4
440 15 4
440 22 4
440 50 4
440 56 4
440 64 5
440 81 4
440 83 4
440 87 4
440 95 4
440 97 4
440 98 4
440 100 4
440 125 4
440 127 4
440 153 4
440 156 4
440 173 4
440 175 4
440 182 4
440 183 4
440 192 4
440 202 4
440 203 4
440 216 4
440 220 3
440 234 4
440 243 2
440 259 2
440 273 4
440 282 4
440 294 3
440 298 4
440 300 4
440 328 4
440 331 3
440 333 4
440 427 4
440 433 4
440 448 3
440 465 3
440 482 4
440 483 5
440 494 4
440 496 4
440 523 4
440 588 4
440 591 4
440 647 4
440 655 4
440 659 4
440 679 3
440 685 3
440 689 3
440 705 4
440 732 4
440 746 4
440 747 4
440 806 4
440 895 3
441 1 4
441 8 4
441 15 4
441 21 3
441 22 4
441 28 4
441 50 5
441 64 5
441 69 4
441 71 4
441 75 4
441 78 2
441 82 4
441 90 3
441 94 3
441 97 4
441 98 4
441 99 4
441 102 3
441 103 1
441 118 3
441 121 4
441 125 4
441 126 4
441 132 4
441 133 4
441 136 4
441 140 3
441 142 3
441 151 4
441 162 4
441 164 4
441 168 4
441 172 4
441 174 5
441 181 4
441 183 4
441 188 4
441 196 4
441 199 4
441 204 4
441 210 4
441 211 4
441 214 3
441 219 3
441 222 4
441 225 3
441 227 3
441 229 3
441 230 4
441 231 3
441 234 4
441 238 4
441 240 3
441 243 2
441 257 4
441 258 4
441 265 4
441 286 4
441 313 4
441 323 3
441 343 3
441 357 4
441 379 3
441 380 4
441 389 3
441 393 4
441 400 3
441 403 4
441 415 3
441 416 4
441 417 3
441 418 4
441 419 4
441 432 4
441 435 4
441 436 4
441 443 4
441 448 3
441 449 4
441 472 3
441 501 4
441 504 4
441 542 3
441 548 3
441 573 3
441 575 3
441 577 3
441 584 3
441 588 4
441 596 3
441 610 4
441 612 4
441 616 4
441 621 5
441 622 4
441 624 3
441 625 3
441 629 4
441 649 4
441 655 4
441 662 4
441 665 3
441 678 3
441 699 4
441 755 4
441 768 3
441 843 4
441 871 2
441 951 3
441 967 3
442 5 4
442 7 4
442 53 3
442 56 4
442 100 4
442 118 3
442 121 4
442 147 4
442 185 4
442 200 4
442 217 3
442 218 4
442 222 4
442 234 4
442 258 4
442 259 2
442 288 4
442 300 4
442 322 3
442 323 3
442 324 3
442 325 3
442 335 1
442 343 3
442 405 3
442 406 2
442 413 3
442 436 4
442 441 1
442 443 4
442 444 1
442 447 4
442 448 4
442 472 3
442 546 3
442 551 5
442 559 3
442 565 3
442 569 3
442 597 3
442 665 3
442 678 3
442 682 3
442 685 3
442 748 3
442 763 3
442 825 3
442 827 3
442 831 2
442 833 3
442 859 3
442 860 2
442 872 2
442 879 3
442 930 3
442 984 3
443 2 3
443 4 4
443 5 3
443 9 4
443 12 4
443 15 4
443 22 4
443 25 3
443 29 3
443 31 4
443 36 2
443 38 3
443 44 4
443 51 3
443 56 4
443 77 4
443 79 4
443 82 4
443 86 4
443 89 4
443 97 4
443 98 4
443 106 3
443 117 4
443 118 3
443 120 2
443 121 4
443 123 3
443 125 4
443 127 4
443 147 4
443 151 4
443 161 4
443 172 4
443 174 5
443 181 4
443 182 4
443 185 4
443 188 4
443 195 4
443 202 4
443 203 4
443 210 4
443 220 3
443 225 3
443 226 3
443 227 4
443 229 3
443 232 3
443 233 4
443 234 4
443 235 3
443 237 4
443 243 2
443 276 4
443 278 3
443 280 3
443 282 4
443 284 3
443 291 3
443 319 3
443 322 3
443 323 3
443 356 3
443 363 3
443 368 2
443 370 2
443 385 4
443 387 4
443 402 4
443 403 3
443 405 3
443 413 2
443 443 4
443 451 4
443 452 3
443 460 2
443 471 4
443 472 3
443 473 3
443 476 3
443 487 5
443 526 4
443 546 3
443 550 4
443 554 3
443 566 4
443 568 4
443 576 3
443 583 3
443 591 4
443 595 3
443 628 4
443 642 4
443 657 4
443 662 4
443 678 3
443 679 3
443 685 4
443 692 4
443 716 4
443 722 3
443 732 4
443 741 3
443 742 4
443 748 3
443 756 3
443 761 3
443 765 